ssh://root@mp-weizenbaum.iais.fraunhofer.de:22022/opt/conda/envs/dibert/bin/python -u /cluster/pytorchic-bert/Downstreamtask/NER/train_ner.py
38367
4796
{'lrmain': 5e-05, 'drop_out': 0.1}
selecting best_params

Train_Epoch: 0
100%|█████████████████████████████████████████| 600/600 [02:18<00:00,  4.35it/s]
train_weighted_f1 0.8817494797228341
train_acc 0.8816746954172402

Valid_Epoch: 0
100%|███████████████████████████████████████████| 75/75 [00:11<00:00,  6.56it/s]
valid_weighted_f1: 0.9518720182178325
valid_acc: 0.9520003401215935
/opt/conda/envs/dibert/lib/python3.8/site-packages/sklearn/metrics/_classification.py:1221: UndefinedMetricWarning: Precision and F-score are ill-defined and being set to 0.0 in labels with no predicted samples. Use `zero_division` parameter to control this behavior.
  _warn_prf(average, modifier, msg_start, len(result))
              precision    recall  f1-score   support

           1       1.00      0.97      0.98       121
           2       1.00      1.00      1.00      3312
           3       1.00      1.00      1.00      4790
           4       0.65      0.57      0.61       101
           5       1.00      1.00      1.00        21
           6       1.00      0.99      1.00      2353
           7       0.98      0.98      0.98      3217
           8       1.00      1.00      1.00      9748
           9       0.93      1.00      0.96        65
          11       0.99      0.99      0.99     12278
          12       0.88      0.90      0.89      9782
          13       0.83      0.92      0.87       306
          14       0.96      0.91      0.93       331
          15       1.00      1.00      1.00        66
          16       1.00      0.99      1.00       678
          17       0.91      0.92      0.92     15211
          18       0.94      0.93      0.93     19633
          19       0.85      0.66      0.74       266
          20       0.95      0.96      0.95      8344
          21       1.00      0.40      0.57        15
          22       0.99      1.00      0.99      2100
          23       1.00      0.99      0.99      1397
          24       0.99      1.00      1.00       925
          25       0.95      0.90      0.92      2155
          26       0.90      0.47      0.62       115
          27       1.00      0.74      0.85        38
          28       0.84      0.94      0.89       248
          29       1.00      1.00      1.00        66
          30       0.99      1.00      1.00      2302
          31       0.00      0.00      0.00         3
          32       0.96      0.95      0.95      2601
          33       0.94      0.96      0.95      4030
          34       0.88      0.90      0.89      2051
          35       0.95      0.91      0.93      3387
          36       0.96      0.97      0.96      1654
          37       0.98      0.95      0.96      2611
          38       0.96      0.97      0.97       370
          39       0.99      0.99      0.99       270
          40       1.00      1.00      1.00        10
          41       1.00      1.00      1.00       229
          42       1.00      0.98      0.99       405

    accuracy                           0.95    117605
   macro avg       0.93      0.90      0.91    117605
weighted avg       0.95      0.95      0.95    117605

-saving model-

Train_Epoch: 1
100%|█████████████████████████████████████████| 600/600 [03:07<00:00,  3.20it/s]
train_weighted_f1 0.9525428243024463
train_acc 0.9526059455234406

Valid_Epoch: 1
100%|███████████████████████████████████████████| 75/75 [00:11<00:00,  6.55it/s]
valid_weighted_f1: 0.9629307594975876
valid_acc: 0.9630202797500106
              precision    recall  f1-score   support

           1       1.00      0.97      0.98       121
           2       1.00      1.00      1.00      3312
           3       1.00      1.00      1.00      4790
           4       0.74      0.76      0.75       101
           5       1.00      1.00      1.00        21
           6       1.00      1.00      1.00      2353
           7       0.99      0.99      0.99      3217
           8       1.00      1.00      1.00      9748
           9       0.98      1.00      0.99        65
          11       0.99      0.99      0.99     12278
          12       0.93      0.91      0.92      9782
          13       0.89      0.95      0.92       306
          14       0.95      0.95      0.95       331
          15       1.00      1.00      1.00        66
          16       1.00      0.99      0.99       678
          17       0.93      0.94      0.93     15211
          18       0.94      0.95      0.94     19633
          19       0.84      0.73      0.78       266
          20       0.97      0.97      0.97      8344
          21       1.00      0.67      0.80        15
          22       0.99      1.00      1.00      2100
          23       1.00      0.99      1.00      1397
          24       1.00      1.00      1.00       925
          25       0.96      0.93      0.95      2155
          26       0.91      0.63      0.74       115
          27       0.96      0.71      0.82        38
          28       0.88      0.95      0.91       248
          29       1.00      1.00      1.00        66
          30       0.99      1.00      1.00      2302
          31       1.00      0.33      0.50         3
          32       0.96      0.96      0.96      2601
          33       0.94      0.98      0.96      4030
          34       0.93      0.94      0.93      2051
          35       0.96      0.92      0.94      3387
          36       0.97      0.97      0.97      1654
          37       0.98      0.96      0.97      2611
          38       0.96      0.97      0.97       370
          39       0.99      1.00      1.00       270
          40       1.00      1.00      1.00        10
          41       1.00      1.00      1.00       229
          42       1.00      0.98      0.99       405

    accuracy                           0.96    117605
   macro avg       0.96      0.93      0.94    117605
weighted avg       0.96      0.96      0.96    117605

-saving model-

Train_Epoch: 2
100%|█████████████████████████████████████████| 600/600 [03:06<00:00,  3.21it/s]
train_weighted_f1 0.9668324750661366
train_acc 0.9668697218399007

Valid_Epoch: 2
100%|███████████████████████████████████████████| 75/75 [00:11<00:00,  6.57it/s]
valid_weighted_f1: 0.9671129830455506
valid_acc: 0.967220781429361
              precision    recall  f1-score   support

           1       1.00      0.97      0.98       121
           2       1.00      1.00      1.00      3312
           3       1.00      1.00      1.00      4790
           4       0.87      0.70      0.78       101
           5       1.00      1.00      1.00        21
           6       1.00      1.00      1.00      2353
           7       0.99      0.99      0.99      3217
           8       1.00      1.00      1.00      9748
           9       1.00      1.00      1.00        65
          11       0.99      0.99      0.99     12278
          12       0.94      0.92      0.93      9782
          13       0.91      0.96      0.93       306
          14       0.94      0.95      0.95       331
          15       1.00      1.00      1.00        66
          16       1.00      1.00      1.00       678
          17       0.94      0.94      0.94     15211
          18       0.95      0.95      0.95     19633
          19       0.88      0.74      0.81       266
          20       0.97      0.98      0.98      8344
          21       1.00      0.80      0.89        15
          22       0.99      1.00      1.00      2100
          23       1.00      1.00      1.00      1397
          24       1.00      1.00      1.00       925
          25       0.95      0.95      0.95      2155
          26       0.92      0.70      0.79       115
          27       0.96      0.68      0.80        38
          28       0.89      0.96      0.92       248
          29       1.00      1.00      1.00        66
          30       0.99      1.00      1.00      2302
          31       1.00      0.33      0.50         3
          32       0.97      0.96      0.97      2601
          33       0.95      0.98      0.96      4030
          34       0.94      0.95      0.94      2051
          35       0.96      0.93      0.94      3387
          36       0.96      0.97      0.97      1654
          37       0.98      0.97      0.98      2611
          38       0.96      0.98      0.97       370
          39       0.99      1.00      1.00       270
          40       1.00      1.00      1.00        10
          41       1.00      1.00      1.00       229
          42       1.00      0.98      0.99       405

    accuracy                           0.97    117605
   macro avg       0.97      0.93      0.95    117605
weighted avg       0.97      0.97      0.97    117605

-saving model-

Train_Epoch: 3
100%|█████████████████████████████████████████| 600/600 [03:06<00:00,  3.22it/s]
train_weighted_f1 0.9750807209339919
train_acc 0.9751119352262494

Valid_Epoch: 3
100%|███████████████████████████████████████████| 75/75 [00:11<00:00,  6.51it/s]
valid_weighted_f1: 0.9687744665288209
valid_acc: 0.9688448620381787
              precision    recall  f1-score   support

           1       1.00      0.99      1.00       121
           2       1.00      1.00      1.00      3312
           3       1.00      1.00      1.00      4790
           4       0.83      0.74      0.79       101
           5       1.00      1.00      1.00        21
           6       1.00      1.00      1.00      2353
           7       0.99      0.99      0.99      3217
           8       1.00      1.00      1.00      9748
           9       1.00      1.00      1.00        65
          11       1.00      0.99      1.00     12278
          12       0.94      0.93      0.93      9782
          13       0.90      0.95      0.92       306
          14       0.94      0.95      0.95       331
          15       1.00      1.00      1.00        66
          16       1.00      1.00      1.00       678
          17       0.94      0.95      0.94     15211
          18       0.95      0.96      0.95     19633
          19       0.85      0.77      0.81       266
          20       0.98      0.98      0.98      8344
          21       0.93      0.87      0.90        15
          22       0.99      1.00      1.00      2100
          23       1.00      1.00      1.00      1397
          24       1.00      1.00      1.00       925
          25       0.95      0.95      0.95      2155
          26       0.92      0.68      0.78       115
          27       0.96      0.68      0.80        38
          28       0.89      0.95      0.92       248
          29       1.00      1.00      1.00        66
          30       0.99      1.00      1.00      2302
          31       1.00      0.33      0.50         3
          32       0.97      0.97      0.97      2601
          33       0.95      0.98      0.96      4030
          34       0.96      0.94      0.95      2051
          35       0.96      0.93      0.95      3387
          36       0.97      0.97      0.97      1654
          37       0.98      0.97      0.98      2611
          38       0.96      0.98      0.97       370
          39       0.99      1.00      1.00       270
          40       1.00      1.00      1.00        10
          41       1.00      1.00      1.00       229
          42       1.00      0.99      0.99       405

    accuracy                           0.97    117605
   macro avg       0.97      0.94      0.95    117605
weighted avg       0.97      0.97      0.97    117605

-saving model-

Train_Epoch: 4
100%|█████████████████████████████████████████| 600/600 [03:06<00:00,  3.21it/s]
train_weighted_f1 0.9802616192241023
train_acc 0.9802817709129836

Valid_Epoch: 4
100%|███████████████████████████████████████████| 75/75 [00:11<00:00,  6.54it/s]
valid_weighted_f1: 0.9695386296238625
valid_acc: 0.9696186386633221
              precision    recall  f1-score   support

           1       1.00      1.00      1.00       121
           2       1.00      1.00      1.00      3312
           3       1.00      1.00      1.00      4790
           4       0.85      0.67      0.75       101
           5       1.00      1.00      1.00        21
           6       1.00      1.00      1.00      2353
           7       0.99      0.99      0.99      3217
           8       1.00      1.00      1.00      9748
           9       0.97      1.00      0.98        65
          11       0.99      0.99      0.99     12278
          12       0.93      0.94      0.93      9782
          13       0.91      0.94      0.93       306
          14       0.94      0.97      0.96       331
          15       1.00      1.00      1.00        66
          16       1.00      1.00      1.00       678
          17       0.96      0.94      0.94     15211
          18       0.95      0.96      0.95     19633
          19       0.86      0.77      0.81       266
          20       0.97      0.98      0.98      8344
          21       1.00      0.73      0.85        15
          22       0.99      1.00      1.00      2100
          23       1.00      1.00      1.00      1397
          24       1.00      1.00      1.00       925
          25       0.95      0.95      0.95      2155
          26       0.88      0.73      0.80       115
          27       0.97      0.76      0.85        38
          28       0.90      0.92      0.91       248
          29       1.00      1.00      1.00        66
          30       0.99      1.00      1.00      2302
          31       0.67      0.67      0.67         3
          32       0.96      0.97      0.97      2601
          33       0.96      0.97      0.96      4030
          34       0.95      0.95      0.95      2051
          35       0.96      0.94      0.95      3387
          36       0.97      0.97      0.97      1654
          37       0.99      0.97      0.98      2611
          38       0.95      0.98      0.97       370
          39       0.99      1.00      1.00       270
          40       1.00      1.00      1.00        10
          41       1.00      1.00      1.00       229
          42       1.00      0.99      0.99       405

    accuracy                           0.97    117605
   macro avg       0.96      0.94      0.95    117605
weighted avg       0.97      0.97      0.97    117605

-saving model-

Train_Epoch: 5
100%|█████████████████████████████████████████| 600/600 [03:07<00:00,  3.20it/s]
train_weighted_f1 0.9843608044953077
train_acc 0.9843715484868566

Valid_Epoch: 5
100%|███████████████████████████████████████████| 75/75 [00:11<00:00,  6.57it/s]
valid_weighted_f1: 0.9708006649696056
valid_acc: 0.9708430763998129
              precision    recall  f1-score   support

           1       1.00      1.00      1.00       121
           2       1.00      1.00      1.00      3312
           3       1.00      1.00      1.00      4790
           4       0.83      0.79      0.81       101
           5       1.00      1.00      1.00        21
           6       1.00      1.00      1.00      2353
           7       0.99      0.99      0.99      3217
           8       1.00      1.00      1.00      9748
           9       1.00      0.98      0.99        65
          11       1.00      1.00      1.00     12278
          12       0.93      0.94      0.94      9782
          13       0.93      0.95      0.94       306
          14       0.95      0.96      0.96       331
          15       1.00      1.00      1.00        66
          16       1.00      1.00      1.00       678
          17       0.95      0.94      0.95     15211
          18       0.95      0.96      0.96     19633
          19       0.88      0.77      0.82       266
          20       0.98      0.98      0.98      8344
          21       0.92      0.80      0.86        15
          22       0.99      1.00      1.00      2100
          23       1.00      1.00      1.00      1397
          24       1.00      1.00      1.00       925
          25       0.96      0.95      0.96      2155
          26       0.88      0.77      0.82       115
          27       0.94      0.84      0.89        38
          28       0.90      0.94      0.92       248
          29       1.00      1.00      1.00        66
          30       0.99      1.00      1.00      2302
          31       1.00      0.67      0.80         3
          32       0.97      0.97      0.97      2601
          33       0.96      0.97      0.96      4030
          34       0.96      0.95      0.95      2051
          35       0.96      0.94      0.95      3387
          36       0.97      0.97      0.97      1654
          37       0.98      0.98      0.98      2611
          38       0.96      0.98      0.97       370
          39       1.00      1.00      1.00       270
          40       1.00      1.00      1.00        10
          41       1.00      1.00      1.00       229
          42       1.00      0.99      0.99       405

    accuracy                           0.97    117605
   macro avg       0.97      0.95      0.96    117605
weighted avg       0.97      0.97      0.97    117605

-saving model-

Train_Epoch: 6
100%|█████████████████████████████████████████| 600/600 [03:06<00:00,  3.22it/s]
train_weighted_f1 0.987171851500943
train_acc 0.9871784251754431

Valid_Epoch: 6
100%|███████████████████████████████████████████| 75/75 [00:11<00:00,  6.55it/s]
valid_weighted_f1: 0.9711146235686718
valid_acc: 0.9711576888737724
              precision    recall  f1-score   support

           1       1.00      1.00      1.00       121
           2       1.00      1.00      1.00      3312
           3       1.00      1.00      1.00      4790
           4       0.81      0.74      0.77       101
           5       1.00      1.00      1.00        21
           6       1.00      1.00      1.00      2353
           7       0.99      0.99      0.99      3217
           8       1.00      1.00      1.00      9748
           9       1.00      0.98      0.99        65
          11       0.99      1.00      0.99     12278
          12       0.94      0.94      0.94      9782
          13       0.90      0.96      0.93       306
          14       0.96      0.96      0.96       331
          15       1.00      1.00      1.00        66
          16       1.00      1.00      1.00       678
          17       0.95      0.95      0.95     15211
          18       0.96      0.95      0.96     19633
          19       0.84      0.79      0.81       266
          20       0.97      0.98      0.98      8344
          21       0.93      0.87      0.90        15
          22       1.00      1.00      1.00      2100
          23       1.00      1.00      1.00      1397
          24       1.00      1.00      1.00       925
          25       0.96      0.95      0.95      2155
          26       0.85      0.70      0.77       115
          27       0.90      0.92      0.91        38
          28       0.89      0.95      0.92       248
          29       1.00      1.00      1.00        66
          30       0.99      1.00      1.00      2302
          31       1.00      1.00      1.00         3
          32       0.96      0.98      0.97      2601
          33       0.96      0.97      0.96      4030
          34       0.95      0.96      0.95      2051
          35       0.95      0.94      0.95      3387
          36       0.97      0.98      0.97      1654
          37       0.98      0.98      0.98      2611
          38       0.97      0.97      0.97       370
          39       1.00      1.00      1.00       270
          40       1.00      1.00      1.00        10
          41       1.00      1.00      1.00       229
          42       1.00      0.99      0.99       405

    accuracy                           0.97    117605
   macro avg       0.96      0.96      0.96    117605
weighted avg       0.97      0.97      0.97    117605

-saving model-

Train_Epoch: 7
100%|█████████████████████████████████████████| 600/600 [03:06<00:00,  3.21it/s]
train_weighted_f1 0.9896119771153834
train_acc 0.9896146624526346

Valid_Epoch: 7
100%|███████████████████████████████████████████| 75/75 [00:11<00:00,  6.55it/s]
valid_weighted_f1: 0.9710063456702291
valid_acc: 0.9710471493558948
              precision    recall  f1-score   support

           1       1.00      1.00      1.00       121
           2       1.00      1.00      1.00      3312
           3       1.00      1.00      1.00      4790
           4       0.83      0.71      0.77       101
           5       1.00      1.00      1.00        21
           6       1.00      1.00      1.00      2353
           7       0.99      0.99      0.99      3217
           8       1.00      1.00      1.00      9748
           9       1.00      0.98      0.99        65
          11       0.99      1.00      0.99     12278
          12       0.93      0.94      0.94      9782
          13       0.91      0.95      0.93       306
          14       0.94      0.97      0.96       331
          15       1.00      1.00      1.00        66
          16       1.00      1.00      1.00       678
          17       0.95      0.95      0.95     15211
          18       0.96      0.95      0.96     19633
          19       0.85      0.79      0.82       266
          20       0.98      0.98      0.98      8344
          21       0.92      0.73      0.81        15
          22       1.00      1.00      1.00      2100
          23       1.00      1.00      1.00      1397
          24       1.00      1.00      1.00       925
          25       0.96      0.95      0.95      2155
          26       0.85      0.71      0.78       115
          27       0.93      0.71      0.81        38
          28       0.91      0.94      0.93       248
          29       1.00      1.00      1.00        66
          30       0.99      1.00      1.00      2302
          31       1.00      1.00      1.00         3
          32       0.96      0.98      0.97      2601
          33       0.97      0.96      0.96      4030
          34       0.95      0.95      0.95      2051
          35       0.94      0.96      0.95      3387
          36       0.98      0.97      0.97      1654
          37       0.98      0.97      0.98      2611
          38       0.97      0.97      0.97       370
          39       0.99      1.00      1.00       270
          40       1.00      1.00      1.00        10
          41       1.00      1.00      1.00       229
          42       1.00      0.99      0.99       405

    accuracy                           0.97    117605
   macro avg       0.97      0.95      0.96    117605
weighted avg       0.97      0.97      0.97    117605

-saving model-

Train_Epoch: 8
100%|█████████████████████████████████████████| 600/600 [03:07<00:00,  3.21it/s]
train_weighted_f1 0.9913318843915374
train_acc 0.991334047000051

Valid_Epoch: 8
100%|███████████████████████████████████████████| 75/75 [00:11<00:00,  6.60it/s]
valid_weighted_f1: 0.9713642931056575
valid_acc: 0.9713872709493644
              precision    recall  f1-score   support

           1       1.00      1.00      1.00       121
           2       1.00      1.00      1.00      3312
           3       1.00      1.00      1.00      4790
           4       0.86      0.77      0.81       101
           5       1.00      1.00      1.00        21
           6       1.00      1.00      1.00      2353
           7       0.99      0.99      0.99      3217
           8       1.00      1.00      1.00      9748
           9       1.00      0.98      0.99        65
          11       0.99      1.00      1.00     12278
          12       0.93      0.95      0.94      9782
          13       0.90      0.95      0.93       306
          14       0.96      0.96      0.96       331
          15       1.00      1.00      1.00        66
          16       1.00      1.00      1.00       678
          17       0.95      0.95      0.95     15211
          18       0.96      0.95      0.96     19633
          19       0.83      0.79      0.81       266
          20       0.98      0.98      0.98      8344
          21       1.00      0.73      0.85        15
          22       1.00      1.00      1.00      2100
          23       1.00      1.00      1.00      1397
          24       1.00      1.00      1.00       925
          25       0.96      0.95      0.95      2155
          26       0.83      0.73      0.78       115
          27       0.94      0.89      0.92        38
          28       0.89      0.95      0.92       248
          29       1.00      1.00      1.00        66
          30       0.99      1.00      1.00      2302
          31       1.00      1.00      1.00         3
          32       0.97      0.97      0.97      2601
          33       0.97      0.97      0.97      4030
          34       0.94      0.96      0.95      2051
          35       0.96      0.95      0.95      3387
          36       0.97      0.97      0.97      1654
          37       0.98      0.98      0.98      2611
          38       0.97      0.97      0.97       370
          39       1.00      1.00      1.00       270
          40       1.00      1.00      1.00        10
          41       1.00      1.00      1.00       229
          42       1.00      0.99      0.99       405

    accuracy                           0.97    117605
   macro avg       0.97      0.96      0.96    117605
weighted avg       0.97      0.97      0.97    117605

-saving model-

Train_Epoch: 9
100%|█████████████████████████████████████████| 600/600 [03:06<00:00,  3.21it/s]
train_weighted_f1 0.9927259967386763
train_acc 0.9927273963059251

Valid_Epoch: 9
100%|███████████████████████████████████████████| 75/75 [00:11<00:00,  6.50it/s]
valid_weighted_f1: 0.971069898586685
valid_acc: 0.9711151736745887
              precision    recall  f1-score   support

           1       1.00      1.00      1.00       121
           2       1.00      1.00      1.00      3312
           3       1.00      1.00      1.00      4790
           4       0.86      0.71      0.78       101
           5       1.00      1.00      1.00        21
           6       1.00      1.00      1.00      2353
           7       0.99      0.99      0.99      3217
           8       1.00      1.00      1.00      9748
           9       1.00      0.98      0.99        65
          11       0.99      1.00      0.99     12278
          12       0.94      0.94      0.94      9782
          13       0.92      0.95      0.93       306
          14       0.97      0.96      0.96       331
          15       1.00      1.00      1.00        66
          16       1.00      1.00      1.00       678
          17       0.95      0.94      0.95     15211
          18       0.95      0.96      0.96     19633
          19       0.85      0.79      0.82       266
          20       0.98      0.98      0.98      8344
          21       1.00      0.87      0.93        15
          22       0.99      1.00      1.00      2100
          23       1.00      1.00      1.00      1397
          24       1.00      1.00      1.00       925
          25       0.96      0.95      0.96      2155
          26       0.88      0.73      0.80       115
          27       0.92      0.89      0.91        38
          28       0.90      0.94      0.92       248
          29       1.00      1.00      1.00        66
          30       0.99      1.00      1.00      2302
          31       1.00      1.00      1.00         3
          32       0.97      0.97      0.97      2601
          33       0.96      0.97      0.96      4030
          34       0.96      0.95      0.96      2051
          35       0.95      0.95      0.95      3387
          36       0.97      0.98      0.97      1654
          37       0.98      0.98      0.98      2611
          38       0.97      0.96      0.96       370
          39       1.00      1.00      1.00       270
          40       1.00      1.00      1.00        10
          41       1.00      1.00      1.00       229
          42       1.00      0.99      0.99       405

    accuracy                           0.97    117605
   macro avg       0.97      0.96      0.96    117605
weighted avg       0.97      0.97      0.97    117605

-saving model-

Train_Epoch: 10
100%|█████████████████████████████████████████| 600/600 [03:06<00:00,  3.21it/s]
train_weighted_f1 0.9936312977552492
train_acc 0.9936322237515081

Valid_Epoch: 10
100%|███████████████████████████████████████████| 75/75 [00:11<00:00,  6.56it/s]
valid_weighted_f1: 0.9716429670693469
valid_acc: 0.9716763743038136
              precision    recall  f1-score   support

           1       1.00      1.00      1.00       121
           2       1.00      1.00      1.00      3312
           3       1.00      1.00      1.00      4790
           4       0.78      0.72      0.75       101
           5       1.00      1.00      1.00        21
           6       1.00      1.00      1.00      2353
           7       0.99      0.99      0.99      3217
           8       1.00      1.00      1.00      9748
           9       1.00      1.00      1.00        65
          11       0.99      1.00      1.00     12278
          12       0.94      0.94      0.94      9782
          13       0.92      0.95      0.93       306
          14       0.96      0.97      0.97       331
          15       1.00      1.00      1.00        66
          16       1.00      1.00      1.00       678
          17       0.95      0.95      0.95     15211
          18       0.96      0.96      0.96     19633
          19       0.85      0.79      0.82       266
          20       0.98      0.98      0.98      8344
          21       1.00      0.73      0.85        15
          22       1.00      1.00      1.00      2100
          23       1.00      1.00      1.00      1397
          24       1.00      1.00      1.00       925
          25       0.96      0.95      0.96      2155
          26       0.83      0.74      0.78       115
          27       0.95      0.92      0.93        38
          28       0.89      0.95      0.92       248
          29       1.00      1.00      1.00        66
          30       0.99      1.00      1.00      2302
          31       1.00      1.00      1.00         3
          32       0.96      0.98      0.97      2601
          33       0.96      0.97      0.96      4030
          34       0.96      0.96      0.96      2051
          35       0.96      0.94      0.95      3387
          36       0.98      0.97      0.97      1654
          37       0.98      0.98      0.98      2611
          38       0.97      0.97      0.97       370
          39       1.00      1.00      1.00       270
          40       1.00      1.00      1.00        10
          41       1.00      1.00      1.00       229
          42       1.00      0.99      0.99       405

    accuracy                           0.97    117605
   macro avg       0.97      0.96      0.96    117605
weighted avg       0.97      0.97      0.97    117605

-saving model-

Train_Epoch: 11
100%|█████████████████████████████████████████| 600/600 [03:06<00:00,  3.21it/s]
train_weighted_f1 0.9943170029619554
train_acc 0.994318278364004

Valid_Epoch: 11
100%|███████████████████████████████████████████| 75/75 [00:11<00:00,  6.47it/s]
valid_weighted_f1: 0.9720439228852193
valid_acc: 0.9720845202159772
              precision    recall  f1-score   support

           1       1.00      1.00      1.00       121
           2       1.00      1.00      1.00      3312
           3       1.00      1.00      1.00      4790
           4       0.84      0.71      0.77       101
           5       1.00      1.00      1.00        21
           6       1.00      1.00      1.00      2353
           7       0.99      0.99      0.99      3217
           8       1.00      1.00      1.00      9748
           9       1.00      0.98      0.99        65
          11       0.99      1.00      1.00     12278
          12       0.93      0.95      0.94      9782
          13       0.92      0.95      0.93       306
          14       0.96      0.98      0.97       331
          15       1.00      1.00      1.00        66
          16       1.00      1.00      1.00       678
          17       0.95      0.95      0.95     15211
          18       0.96      0.95      0.96     19633
          19       0.86      0.76      0.81       266
          20       0.97      0.98      0.98      8344
          21       1.00      0.80      0.89        15
          22       1.00      1.00      1.00      2100
          23       1.00      1.00      1.00      1397
          24       1.00      1.00      1.00       925
          25       0.96      0.95      0.96      2155
          26       0.85      0.74      0.79       115
          27       0.94      0.87      0.90        38
          28       0.90      0.94      0.92       248
          29       1.00      1.00      1.00        66
          30       0.99      1.00      1.00      2302
          31       0.75      1.00      0.86         3
          32       0.97      0.97      0.97      2601
          33       0.96      0.97      0.97      4030
          34       0.95      0.96      0.96      2051
          35       0.96      0.95      0.95      3387
          36       0.97      0.98      0.97      1654
          37       0.99      0.97      0.98      2611
          38       0.97      0.97      0.97       370
          39       1.00      1.00      1.00       270
          40       1.00      1.00      1.00        10
          41       1.00      1.00      1.00       229
          42       1.00      0.99      0.99       405

    accuracy                           0.97    117605
   macro avg       0.96      0.96      0.96    117605
weighted avg       0.97      0.97      0.97    117605

-saving model-

Train_Epoch: 12
100%|█████████████████████████████████████████| 600/600 [03:06<00:00,  3.21it/s]
train_weighted_f1 0.9950037475265667
train_acc 0.9950043329764999

Valid_Epoch: 12
100%|███████████████████████████████████████████| 75/75 [00:11<00:00,  6.55it/s]
valid_weighted_f1: 0.97168390173233
valid_acc: 0.9717188895029973
              precision    recall  f1-score   support

           1       1.00      1.00      1.00       121
           2       1.00      1.00      1.00      3312
           3       1.00      1.00      1.00      4790
           4       0.89      0.69      0.78       101
           5       1.00      1.00      1.00        21
           6       1.00      1.00      1.00      2353
           7       0.99      0.99      0.99      3217
           8       1.00      1.00      1.00      9748
           9       1.00      0.98      0.99        65
          11       1.00      1.00      1.00     12278
          12       0.93      0.95      0.94      9782
          13       0.91      0.95      0.93       306
          14       0.97      0.97      0.97       331
          15       1.00      1.00      1.00        66
          16       1.00      1.00      1.00       678
          17       0.95      0.95      0.95     15211
          18       0.96      0.95      0.96     19633
          19       0.85      0.78      0.81       266
          20       0.98      0.98      0.98      8344
          21       1.00      0.87      0.93        15
          22       0.99      1.00      1.00      2100
          23       1.00      1.00      1.00      1397
          24       1.00      1.00      1.00       925
          25       0.96      0.95      0.96      2155
          26       0.89      0.71      0.79       115
          27       0.94      0.87      0.90        38
          28       0.91      0.93      0.92       248
          29       1.00      1.00      1.00        66
          30       0.99      1.00      1.00      2302
          31       0.75      1.00      0.86         3
          32       0.96      0.97      0.97      2601
          33       0.96      0.97      0.97      4030
          34       0.95      0.96      0.96      2051
          35       0.96      0.94      0.95      3387
          36       0.97      0.97      0.97      1654
          37       0.99      0.97      0.98      2611
          38       0.97      0.98      0.97       370
          39       1.00      1.00      1.00       270
          40       1.00      1.00      1.00        10
          41       1.00      1.00      1.00       229
          42       1.00      0.99      0.99       405

    accuracy                           0.97    117605
   macro avg       0.97      0.96      0.96    117605
weighted avg       0.97      0.97      0.97    117605

-saving model-

Train_Epoch: 13
100%|█████████████████████████████████████████| 600/600 [03:06<00:00,  3.21it/s]
train_weighted_f1 0.9955443926059286
train_acc 0.9955448930349526

Valid_Epoch: 13
100%|███████████████████████████████████████████| 75/75 [00:11<00:00,  6.56it/s]
valid_weighted_f1: 0.9714144076191907
valid_acc: 0.9714297861485481
              precision    recall  f1-score   support

           1       1.00      0.99      1.00       121
           2       1.00      1.00      1.00      3312
           3       1.00      1.00      1.00      4790
           4       0.87      0.72      0.79       101
           5       1.00      1.00      1.00        21
           6       1.00      1.00      1.00      2353
           7       0.99      0.99      0.99      3217
           8       1.00      1.00      1.00      9748
           9       1.00      0.98      0.99        65
          11       1.00      0.99      1.00     12278
          12       0.93      0.95      0.94      9782
          13       0.93      0.94      0.93       306
          14       0.96      0.95      0.96       331
          15       1.00      1.00      1.00        66
          16       1.00      1.00      1.00       678
          17       0.95      0.95      0.95     15211
          18       0.96      0.96      0.96     19633
          19       0.81      0.79      0.80       266
          20       0.98      0.98      0.98      8344
          21       0.92      0.80      0.86        15
          22       0.99      1.00      1.00      2100
          23       1.00      1.00      1.00      1397
          24       1.00      1.00      1.00       925
          25       0.95      0.95      0.95      2155
          26       0.85      0.76      0.80       115
          27       0.92      0.89      0.91        38
          28       0.90      0.93      0.91       248
          29       1.00      1.00      1.00        66
          30       0.99      1.00      1.00      2302
          31       0.75      1.00      0.86         3
          32       0.97      0.97      0.97      2601
          33       0.97      0.96      0.96      4030
          34       0.95      0.96      0.95      2051
          35       0.96      0.94      0.95      3387
          36       0.97      0.98      0.97      1654
          37       0.98      0.98      0.98      2611
          38       0.97      0.97      0.97       370
          39       1.00      1.00      1.00       270
          40       1.00      1.00      1.00        10
          41       1.00      1.00      1.00       229
          42       1.00      0.99      0.99       405

    accuracy                           0.97    117605
   macro avg       0.96      0.96      0.96    117605
weighted avg       0.97      0.97      0.97    117605

-saving model-

Train_Epoch: 14
100%|█████████████████████████████████████████| 600/600 [03:05<00:00,  3.23it/s]
train_weighted_f1 0.995839886647364
train_acc 0.9958401301592157

Valid_Epoch: 14
100%|███████████████████████████████████████████| 75/75 [00:11<00:00,  6.54it/s]
valid_weighted_f1: 0.9716697117299219
valid_acc: 0.9716933803834871
              precision    recall  f1-score   support

           1       1.00      1.00      1.00       121
           2       1.00      1.00      1.00      3312
           3       1.00      1.00      1.00      4790
           4       0.89      0.71      0.79       101
           5       1.00      1.00      1.00        21
           6       1.00      1.00      1.00      2353
           7       0.99      0.99      0.99      3217
           8       1.00      1.00      1.00      9748
           9       1.00      1.00      1.00        65
          11       1.00      0.99      0.99     12278
          12       0.93      0.94      0.94      9782
          13       0.91      0.95      0.93       306
          14       0.96      0.96      0.96       331
          15       1.00      1.00      1.00        66
          16       1.00      1.00      1.00       678
          17       0.95      0.95      0.95     15211
          18       0.96      0.96      0.96     19633
          19       0.82      0.79      0.80       266
          20       0.98      0.98      0.98      8344
          21       0.93      0.93      0.93        15
          22       1.00      1.00      1.00      2100
          23       1.00      1.00      1.00      1397
          24       1.00      1.00      1.00       925
          25       0.96      0.96      0.96      2155
          26       0.84      0.76      0.79       115
          27       0.92      0.89      0.91        38
          28       0.93      0.93      0.93       248
          29       1.00      1.00      1.00        66
          30       0.99      1.00      1.00      2302
          31       0.75      1.00      0.86         3
          32       0.97      0.98      0.97      2601
          33       0.96      0.97      0.96      4030
          34       0.95      0.96      0.96      2051
          35       0.96      0.94      0.95      3387
          36       0.97      0.98      0.97      1654
          37       0.98      0.98      0.98      2611
          38       0.96      0.98      0.97       370
          39       1.00      1.00      1.00       270
          40       1.00      1.00      1.00        10
          41       1.00      1.00      1.00       229
          42       1.00      0.99      0.99       405

    accuracy                           0.97    117605
   macro avg       0.96      0.96      0.96    117605
weighted avg       0.97      0.97      0.97    117605

-saving model-

Process finished with exit code 0
