ssh://root@mp-weizenbaum.iais.fraunhofer.de:22022/opt/conda/envs/dibert/bin/python -u /cluster/pytorchic-bert/Downstreamtask/NER/train_ner.py
38367
4796
{'lrmain': 4e-05, 'drop_out': 0.2}
selecting best_params

Train_Epoch: 0
100%|█████████████████████████████████████████| 600/600 [03:00<00:00,  3.32it/s]
train_weighted_f1 0.8620968590942552
train_acc 0.8621263869772816

Valid_Epoch: 0
100%|███████████████████████████████████████████| 75/75 [00:11<00:00,  6.55it/s]
valid_weighted_f1: 0.9528813279707495
valid_acc: 0.9530292079418392
/opt/conda/envs/dibert/lib/python3.8/site-packages/sklearn/metrics/_classification.py:1221: UndefinedMetricWarning: Precision and F-score are ill-defined and being set to 0.0 in labels with no predicted samples. Use `zero_division` parameter to control this behavior.
  _warn_prf(average, modifier, msg_start, len(result))
              precision    recall  f1-score   support

           1       1.00      0.97      0.98       121
           2       1.00      1.00      1.00      3312
           3       1.00      1.00      1.00      4790
           4       0.55      0.51      0.53       101
           5       1.00      0.95      0.98        21
           6       1.00      0.99      0.99      2353
           7       0.99      0.98      0.98      3217
           8       1.00      1.00      1.00      9748
           9       0.97      1.00      0.98        65
          11       0.99      0.99      0.99     12278
          12       0.88      0.91      0.90      9782
          13       0.86      0.86      0.86       306
          14       0.94      0.88      0.91       331
          15       0.98      0.98      0.98        66
          16       0.99      0.99      0.99       678
          17       0.92      0.91      0.92     15211
          18       0.94      0.93      0.93     19633
          19       0.84      0.65      0.73       266
          20       0.95      0.96      0.96      8344
          21       0.00      0.00      0.00        15
          22       0.99      1.00      0.99      2100
          23       0.99      0.99      0.99      1397
          24       1.00      1.00      1.00       925
          25       0.95      0.92      0.93      2155
          26       0.73      0.58      0.65       115
          27       0.96      0.71      0.82        38
          28       0.84      0.92      0.88       248
          29       1.00      1.00      1.00        66
          30       0.99      1.00      1.00      2302
          31       0.00      0.00      0.00         3
          32       0.97      0.96      0.96      2601
          33       0.94      0.96      0.95      4030
          34       0.92      0.92      0.92      2051
          35       0.95      0.92      0.93      3387
          36       0.96      0.97      0.96      1654
          37       0.98      0.95      0.97      2611
          38       0.93      0.95      0.94       370
          39       0.99      0.99      0.99       270
          40       1.00      0.90      0.95        10
          41       1.00      0.99      0.99       229
          42       1.00      0.98      0.99       405

    accuracy                           0.95    117605
   macro avg       0.90      0.88      0.89    117605
weighted avg       0.95      0.95      0.95    117605

-saving model-

Train_Epoch: 1
100%|█████████████████████████████████████████| 600/600 [03:07<00:00,  3.21it/s]
train_weighted_f1 0.9479301064415522
train_acc 0.9480499481742026

Valid_Epoch: 1
100%|███████████████████████████████████████████| 75/75 [00:11<00:00,  6.54it/s]
valid_weighted_f1: 0.9639482816433779
valid_acc: 0.9640491475702564
              precision    recall  f1-score   support

           1       1.00      0.97      0.98       121
           2       1.00      1.00      1.00      3312
           3       1.00      1.00      1.00      4790
           4       0.70      0.67      0.69       101
           5       1.00      0.95      0.98        21
           6       1.00      0.99      1.00      2353
           7       0.99      0.99      0.99      3217
           8       1.00      1.00      1.00      9748
           9       0.97      1.00      0.98        65
          11       0.99      0.99      0.99     12278
          12       0.92      0.92      0.92      9782
          13       0.89      0.93      0.91       306
          14       0.96      0.91      0.93       331
          15       0.99      1.00      0.99        66
          16       0.99      0.99      0.99       678
          17       0.93      0.94      0.94     15211
          18       0.95      0.95      0.95     19633
          19       0.86      0.68      0.76       266
          20       0.97      0.97      0.97      8344
          21       0.88      0.47      0.61        15
          22       0.99      1.00      1.00      2100
          23       1.00      1.00      1.00      1397
          24       1.00      1.00      1.00       925
          25       0.96      0.94      0.95      2155
          26       0.87      0.63      0.73       115
          27       0.95      0.92      0.93        38
          28       0.86      0.97      0.91       248
          29       1.00      1.00      1.00        66
          30       0.99      1.00      1.00      2302
          31       0.00      0.00      0.00         3
          32       0.97      0.97      0.97      2601
          33       0.96      0.97      0.96      4030
          34       0.94      0.95      0.95      2051
          35       0.95      0.94      0.94      3387
          36       0.96      0.98      0.97      1654
          37       0.99      0.97      0.98      2611
          38       0.95      0.95      0.95       370
          39       0.99      1.00      1.00       270
          40       1.00      1.00      1.00        10
          41       1.00      1.00      1.00       229
          42       1.00      0.98      0.99       405

    accuracy                           0.96    117605
   macro avg       0.93      0.91      0.92    117605
weighted avg       0.96      0.96      0.96    117605

-saving model-

Train_Epoch: 2
100%|█████████████████████████████████████████| 600/600 [03:07<00:00,  3.20it/s]
train_weighted_f1 0.9617523029855816
train_acc 0.961818830606107

Valid_Epoch: 2
100%|███████████████████████████████████████████| 75/75 [00:11<00:00,  6.53it/s]
valid_weighted_f1: 0.9676286426060771
valid_acc: 0.9677309638195655
              precision    recall  f1-score   support

           1       1.00      0.97      0.98       121
           2       1.00      1.00      1.00      3312
           3       1.00      1.00      1.00      4790
           4       0.81      0.65      0.73       101
           5       1.00      1.00      1.00        21
           6       1.00      1.00      1.00      2353
           7       0.99      0.99      0.99      3217
           8       1.00      1.00      1.00      9748
           9       0.97      1.00      0.98        65
          11       0.99      0.99      0.99     12278
          12       0.93      0.92      0.93      9782
          13       0.90      0.94      0.92       306
          14       0.95      0.94      0.95       331
          15       1.00      1.00      1.00        66
          16       1.00      0.99      0.99       678
          17       0.95      0.94      0.94     15211
          18       0.95      0.96      0.95     19633
          19       0.86      0.74      0.80       266
          20       0.97      0.98      0.98      8344
          21       0.91      0.67      0.77        15
          22       0.99      1.00      1.00      2100
          23       1.00      1.00      1.00      1397
          24       1.00      1.00      1.00       925
          25       0.95      0.95      0.95      2155
          26       0.90      0.69      0.78       115
          27       0.97      0.79      0.87        38
          28       0.89      0.95      0.92       248
          29       1.00      1.00      1.00        66
          30       0.99      1.00      1.00      2302
          31       1.00      0.33      0.50         3
          32       0.97      0.97      0.97      2601
          33       0.94      0.98      0.96      4030
          34       0.96      0.96      0.96      2051
          35       0.96      0.93      0.95      3387
          36       0.96      0.98      0.97      1654
          37       0.99      0.97      0.98      2611
          38       0.94      0.96      0.95       370
          39       0.99      1.00      1.00       270
          40       1.00      1.00      1.00        10
          41       1.00      1.00      1.00       229
          42       1.00      0.98      0.99       405

    accuracy                           0.97    117605
   macro avg       0.97      0.93      0.94    117605
weighted avg       0.97      0.97      0.97    117605

-saving model-

Train_Epoch: 3
100%|█████████████████████████████████████████| 600/600 [03:06<00:00,  3.21it/s]
train_weighted_f1 0.9699072786628695
train_acc 0.9699548435880444

Valid_Epoch: 3
100%|███████████████████████████████████████████| 75/75 [00:11<00:00,  6.48it/s]
valid_weighted_f1: 0.9695342338573164
valid_acc: 0.9696016325836486
              precision    recall  f1-score   support

           1       1.00      0.98      0.99       121
           2       1.00      1.00      1.00      3312
           3       1.00      1.00      1.00      4790
           4       0.77      0.71      0.74       101
           5       1.00      1.00      1.00        21
           6       1.00      1.00      1.00      2353
           7       0.99      0.99      0.99      3217
           8       1.00      1.00      1.00      9748
           9       0.97      1.00      0.98        65
          11       0.99      0.99      0.99     12278
          12       0.93      0.94      0.93      9782
          13       0.89      0.95      0.92       306
          14       0.96      0.94      0.95       331
          15       1.00      1.00      1.00        66
          16       1.00      1.00      1.00       678
          17       0.95      0.94      0.95     15211
          18       0.95      0.96      0.95     19633
          19       0.81      0.76      0.78       266
          20       0.97      0.98      0.98      8344
          21       1.00      0.73      0.85        15
          22       0.99      1.00      1.00      2100
          23       1.00      1.00      1.00      1397
          24       1.00      1.00      1.00       925
          25       0.96      0.95      0.96      2155
          26       0.90      0.70      0.78       115
          27       0.97      0.84      0.90        38
          28       0.89      0.95      0.92       248
          29       1.00      1.00      1.00        66
          30       1.00      1.00      1.00      2302
          31       1.00      0.33      0.50         3
          32       0.97      0.97      0.97      2601
          33       0.95      0.98      0.96      4030
          34       0.95      0.96      0.96      2051
          35       0.97      0.94      0.95      3387
          36       0.96      0.98      0.97      1654
          37       0.99      0.97      0.98      2611
          38       0.96      0.96      0.96       370
          39       0.99      1.00      1.00       270
          40       1.00      1.00      1.00        10
          41       1.00      1.00      1.00       229
          42       1.00      0.98      0.99       405

    accuracy                           0.97    117605
   macro avg       0.97      0.94      0.95    117605
weighted avg       0.97      0.97      0.97    117605

-saving model-

Train_Epoch: 4
100%|█████████████████████████████████████████| 600/600 [03:06<00:00,  3.21it/s]
train_weighted_f1 0.9752768383594762
train_acc 0.9753084059744099

Valid_Epoch: 4
100%|███████████████████████████████████████████| 75/75 [00:11<00:00,  6.52it/s]
valid_weighted_f1: 0.9707364201652663
valid_acc: 0.9708005612006292
              precision    recall  f1-score   support

           1       1.00      0.98      0.99       121
           2       1.00      1.00      1.00      3312
           3       1.00      1.00      1.00      4790
           4       0.79      0.75      0.77       101
           5       1.00      1.00      1.00        21
           6       1.00      1.00      1.00      2353
           7       0.99      0.99      0.99      3217
           8       1.00      1.00      1.00      9748
           9       0.97      1.00      0.98        65
          11       0.99      0.99      0.99     12278
          12       0.93      0.94      0.94      9782
          13       0.90      0.95      0.92       306
          14       0.95      0.95      0.95       331
          15       1.00      1.00      1.00        66
          16       0.99      1.00      1.00       678
          17       0.96      0.94      0.95     15211
          18       0.95      0.96      0.96     19633
          19       0.81      0.77      0.79       266
          20       0.97      0.98      0.98      8344
          21       0.92      0.80      0.86        15
          22       0.99      1.00      1.00      2100
          23       1.00      1.00      1.00      1397
          24       1.00      1.00      1.00       925
          25       0.96      0.96      0.96      2155
          26       0.89      0.70      0.78       115
          27       0.97      0.79      0.87        38
          28       0.91      0.97      0.94       248
          29       1.00      1.00      1.00        66
          30       0.99      1.00      1.00      2302
          31       1.00      0.67      0.80         3
          32       0.97      0.98      0.97      2601
          33       0.95      0.98      0.97      4030
          34       0.96      0.96      0.96      2051
          35       0.97      0.93      0.95      3387
          36       0.96      0.98      0.97      1654
          37       0.99      0.98      0.98      2611
          38       0.97      0.96      0.96       370
          39       1.00      1.00      1.00       270
          40       1.00      1.00      1.00        10
          41       1.00      1.00      1.00       229
          42       1.00      0.98      0.99       405

    accuracy                           0.97    117605
   macro avg       0.97      0.95      0.96    117605
weighted avg       0.97      0.97      0.97    117605

-saving model-

Train_Epoch: 5
100%|█████████████████████████████████████████| 600/600 [03:07<00:00,  3.20it/s]
train_weighted_f1 0.9796751397386142
train_acc 0.9796955446806341

Valid_Epoch: 5
100%|███████████████████████████████████████████| 75/75 [00:11<00:00,  6.53it/s]
valid_weighted_f1: 0.9716762099404863
valid_acc: 0.9717188895029973
              precision    recall  f1-score   support

           1       1.00      0.98      0.99       121
           2       1.00      1.00      1.00      3312
           3       1.00      1.00      1.00      4790
           4       0.77      0.75      0.76       101
           5       1.00      0.95      0.98        21
           6       1.00      1.00      1.00      2353
           7       0.99      0.99      0.99      3217
           8       1.00      1.00      1.00      9748
           9       0.98      1.00      0.99        65
          11       1.00      0.99      0.99     12278
          12       0.94      0.94      0.94      9782
          13       0.91      0.95      0.93       306
          14       0.96      0.96      0.96       331
          15       1.00      1.00      1.00        66
          16       0.99      1.00      0.99       678
          17       0.95      0.95      0.95     15211
          18       0.96      0.96      0.96     19633
          19       0.83      0.77      0.80       266
          20       0.97      0.98      0.98      8344
          21       1.00      0.80      0.89        15
          22       1.00      1.00      1.00      2100
          23       1.00      1.00      1.00      1397
          24       1.00      1.00      1.00       925
          25       0.96      0.96      0.96      2155
          26       0.88      0.73      0.80       115
          27       0.97      0.87      0.92        38
          28       0.90      0.96      0.93       248
          29       1.00      1.00      1.00        66
          30       0.99      1.00      1.00      2302
          31       0.75      1.00      0.86         3
          32       0.98      0.97      0.97      2601
          33       0.96      0.98      0.97      4030
          34       0.97      0.95      0.96      2051
          35       0.96      0.95      0.95      3387
          36       0.96      0.99      0.97      1654
          37       0.98      0.98      0.98      2611
          38       0.96      0.96      0.96       370
          39       1.00      1.00      1.00       270
          40       1.00      1.00      1.00        10
          41       1.00      1.00      1.00       229
          42       1.00      0.98      0.99       405

    accuracy                           0.97    117605
   macro avg       0.96      0.96      0.96    117605
weighted avg       0.97      0.97      0.97    117605

-saving model-

Train_Epoch: 6
100%|█████████████████████████████████████████| 600/600 [03:07<00:00,  3.21it/s]
train_weighted_f1 0.9830706937841561
train_acc 0.9830843995853936

Valid_Epoch: 6
100%|███████████████████████████████████████████| 75/75 [00:11<00:00,  6.52it/s]
valid_weighted_f1: 0.9724824848728819
valid_acc: 0.9725096722078143
              precision    recall  f1-score   support

           1       1.00      0.99      1.00       121
           2       1.00      1.00      1.00      3312
           3       1.00      1.00      1.00      4790
           4       0.80      0.76      0.78       101
           5       1.00      1.00      1.00        21
           6       1.00      1.00      1.00      2353
           7       0.99      0.99      0.99      3217
           8       1.00      1.00      1.00      9748
           9       0.98      1.00      0.99        65
          11       1.00      0.99      0.99     12278
          12       0.94      0.94      0.94      9782
          13       0.92      0.95      0.93       306
          14       0.97      0.96      0.97       331
          15       1.00      1.00      1.00        66
          16       1.00      1.00      1.00       678
          17       0.95      0.95      0.95     15211
          18       0.96      0.95      0.96     19633
          19       0.82      0.79      0.81       266
          20       0.98      0.98      0.98      8344
          21       1.00      0.93      0.97        15
          22       1.00      1.00      1.00      2100
          23       1.00      1.00      1.00      1397
          24       1.00      1.00      1.00       925
          25       0.96      0.96      0.96      2155
          26       0.88      0.75      0.81       115
          27       0.97      0.89      0.93        38
          28       0.91      0.98      0.94       248
          29       1.00      1.00      1.00        66
          30       0.99      1.00      1.00      2302
          31       0.60      1.00      0.75         3
          32       0.97      0.98      0.97      2601
          33       0.96      0.97      0.97      4030
          34       0.96      0.96      0.96      2051
          35       0.96      0.95      0.95      3387
          36       0.97      0.99      0.98      1654
          37       0.98      0.98      0.98      2611
          38       0.95      0.97      0.96       370
          39       1.00      1.00      1.00       270
          40       1.00      1.00      1.00        10
          41       1.00      1.00      1.00       229
          42       1.00      0.99      0.99       405

    accuracy                           0.97    117605
   macro avg       0.96      0.96      0.96    117605
weighted avg       0.97      0.97      0.97    117605

-saving model-

Train_Epoch: 7
100%|█████████████████████████████████████████| 600/600 [03:06<00:00,  3.21it/s]
train_weighted_f1 0.9856188046453598
train_acc 0.9856300232791286

Valid_Epoch: 7
100%|███████████████████████████████████████████| 75/75 [00:11<00:00,  6.55it/s]
valid_weighted_f1: 0.9721369175867264
valid_acc: 0.9721695506143446
              precision    recall  f1-score   support

           1       1.00      0.99      1.00       121
           2       1.00      1.00      1.00      3312
           3       1.00      1.00      1.00      4790
           4       0.84      0.74      0.79       101
           5       0.95      1.00      0.98        21
           6       1.00      1.00      1.00      2353
           7       0.99      0.99      0.99      3217
           8       1.00      1.00      1.00      9748
           9       0.98      1.00      0.99        65
          11       1.00      0.99      1.00     12278
          12       0.93      0.95      0.94      9782
          13       0.91      0.95      0.93       306
          14       0.96      0.96      0.96       331
          15       1.00      1.00      1.00        66
          16       1.00      1.00      1.00       678
          17       0.95      0.95      0.95     15211
          18       0.97      0.95      0.96     19633
          19       0.85      0.75      0.79       266
          20       0.98      0.98      0.98      8344
          21       1.00      0.93      0.97        15
          22       1.00      1.00      1.00      2100
          23       1.00      1.00      1.00      1397
          24       1.00      1.00      1.00       925
          25       0.96      0.96      0.96      2155
          26       0.85      0.74      0.79       115
          27       0.97      0.87      0.92        38
          28       0.90      0.97      0.94       248
          29       1.00      1.00      1.00        66
          30       0.99      1.00      1.00      2302
          31       0.60      1.00      0.75         3
          32       0.97      0.98      0.97      2601
          33       0.95      0.98      0.97      4030
          34       0.96      0.96      0.96      2051
          35       0.96      0.94      0.95      3387
          36       0.96      0.99      0.97      1654
          37       0.98      0.98      0.98      2611
          38       0.95      0.97      0.96       370
          39       1.00      1.00      1.00       270
          40       1.00      1.00      1.00        10
          41       1.00      1.00      1.00       229
          42       1.00      0.98      0.99       405

    accuracy                           0.97    117605
   macro avg       0.96      0.96      0.96    117605
weighted avg       0.97      0.97      0.97    117605

-saving model-

Train_Epoch: 8
100%|█████████████████████████████████████████| 600/600 [03:07<00:00,  3.20it/s]
train_weighted_f1 0.9877261345037329
train_acc 0.9877327912864692

Valid_Epoch: 8
100%|███████████████████████████████████████████| 75/75 [00:11<00:00,  6.53it/s]
valid_weighted_f1: 0.9722401151666663
valid_acc: 0.9722460779728753
              precision    recall  f1-score   support

           1       1.00      0.99      1.00       121
           2       1.00      1.00      1.00      3312
           3       1.00      1.00      1.00      4790
           4       0.79      0.78      0.79       101
           5       1.00      1.00      1.00        21
           6       1.00      1.00      1.00      2353
           7       0.99      0.99      0.99      3217
           8       1.00      1.00      1.00      9748
           9       0.97      1.00      0.98        65
          11       1.00      0.99      0.99     12278
          12       0.93      0.94      0.94      9782
          13       0.92      0.95      0.93       306
          14       0.97      0.96      0.96       331
          15       1.00      1.00      1.00        66
          16       0.99      1.00      1.00       678
          17       0.95      0.95      0.95     15211
          18       0.96      0.95      0.96     19633
          19       0.84      0.78      0.81       266
          20       0.98      0.98      0.98      8344
          21       1.00      0.87      0.93        15
          22       1.00      1.00      1.00      2100
          23       1.00      1.00      1.00      1397
          24       1.00      1.00      1.00       925
          25       0.96      0.95      0.96      2155
          26       0.85      0.77      0.80       115
          27       0.97      0.89      0.93        38
          28       0.87      0.98      0.92       248
          29       1.00      1.00      1.00        66
          30       0.99      1.00      1.00      2302
          31       0.50      1.00      0.67         3
          32       0.98      0.98      0.98      2601
          33       0.97      0.97      0.97      4030
          34       0.95      0.97      0.96      2051
          35       0.95      0.95      0.95      3387
          36       0.96      0.98      0.97      1654
          37       0.98      0.98      0.98      2611
          38       0.95      0.97      0.96       370
          39       1.00      1.00      1.00       270
          40       1.00      1.00      1.00        10
          41       1.00      1.00      1.00       229
          42       1.00      0.99      0.99       405

    accuracy                           0.97    117605
   macro avg       0.96      0.96      0.96    117605
weighted avg       0.97      0.97      0.97    117605

-saving model-

Train_Epoch: 9
100%|█████████████████████████████████████████| 600/600 [03:07<00:00,  3.21it/s]
train_weighted_f1 0.989866812012659
train_acc 0.9898706054272655

Valid_Epoch: 9
100%|███████████████████████████████████████████| 75/75 [00:11<00:00,  6.46it/s]
valid_weighted_f1: 0.9727610418638091
valid_acc: 0.9727902725224268
              precision    recall  f1-score   support

           1       1.00      0.99      1.00       121
           2       1.00      1.00      1.00      3312
           3       1.00      1.00      1.00      4790
           4       0.78      0.70      0.74       101
           5       1.00      1.00      1.00        21
           6       1.00      1.00      1.00      2353
           7       0.99      0.99      0.99      3217
           8       1.00      1.00      1.00      9748
           9       0.98      1.00      0.99        65
          11       0.99      1.00      0.99     12278
          12       0.93      0.95      0.94      9782
          13       0.91      0.97      0.94       306
          14       0.97      0.97      0.97       331
          15       1.00      1.00      1.00        66
          16       1.00      1.00      1.00       678
          17       0.95      0.95      0.95     15211
          18       0.97      0.95      0.96     19633
          19       0.82      0.79      0.80       266
          20       0.98      0.98      0.98      8344
          21       1.00      0.93      0.97        15
          22       1.00      1.00      1.00      2100
          23       1.00      1.00      1.00      1397
          24       1.00      1.00      1.00       925
          25       0.97      0.95      0.96      2155
          26       0.86      0.72      0.79       115
          27       0.94      0.89      0.92        38
          28       0.92      0.94      0.93       248
          29       1.00      1.00      1.00        66
          30       0.99      1.00      1.00      2302
          31       1.00      1.00      1.00         3
          32       0.98      0.98      0.98      2601
          33       0.96      0.97      0.97      4030
          34       0.96      0.97      0.96      2051
          35       0.96      0.95      0.95      3387
          36       0.96      0.98      0.97      1654
          37       0.99      0.98      0.98      2611
          38       0.95      0.97      0.96       370
          39       1.00      1.00      1.00       270
          40       1.00      1.00      1.00        10
          41       1.00      1.00      1.00       229
          42       1.00      0.98      0.99       405

    accuracy                           0.97    117605
   macro avg       0.97      0.96      0.97    117605
weighted avg       0.97      0.97      0.97    117605

-saving model-

Train_Epoch: 10
100%|█████████████████████████████████████████| 600/600 [03:07<00:00,  3.20it/s]
train_weighted_f1 0.9910681062190134
train_acc 0.9910717320011555

Valid_Epoch: 10
100%|███████████████████████████████████████████| 75/75 [00:11<00:00,  6.53it/s]
valid_weighted_f1: 0.9727805637350196
valid_acc: 0.9727987755622635
              precision    recall  f1-score   support

           1       1.00      0.99      1.00       121
           2       1.00      1.00      1.00      3312
           3       1.00      1.00      1.00      4790
           4       0.80      0.73      0.76       101
           5       1.00      1.00      1.00        21
           6       1.00      1.00      1.00      2353
           7       0.99      0.99      0.99      3217
           8       1.00      1.00      1.00      9748
           9       0.98      1.00      0.99        65
          11       1.00      1.00      1.00     12278
          12       0.93      0.95      0.94      9782
          13       0.91      0.97      0.94       306
          14       0.97      0.96      0.96       331
          15       1.00      1.00      1.00        66
          16       1.00      1.00      1.00       678
          17       0.95      0.95      0.95     15211
          18       0.96      0.96      0.96     19633
          19       0.83      0.79      0.81       266
          20       0.98      0.98      0.98      8344
          21       1.00      0.87      0.93        15
          22       1.00      1.00      1.00      2100
          23       1.00      1.00      1.00      1397
          24       1.00      1.00      1.00       925
          25       0.97      0.96      0.96      2155
          26       0.88      0.71      0.79       115
          27       0.92      0.89      0.91        38
          28       0.92      0.96      0.94       248
          29       1.00      1.00      1.00        66
          30       0.99      1.00      1.00      2302
          31       0.60      1.00      0.75         3
          32       0.98      0.98      0.98      2601
          33       0.97      0.97      0.97      4030
          34       0.96      0.96      0.96      2051
          35       0.95      0.95      0.95      3387
          36       0.96      0.98      0.97      1654
          37       0.99      0.98      0.98      2611
          38       0.96      0.96      0.96       370
          39       1.00      1.00      1.00       270
          40       1.00      1.00      1.00        10
          41       1.00      1.00      1.00       229
          42       1.00      0.99      0.99       405

    accuracy                           0.97    117605
   macro avg       0.96      0.96      0.96    117605
weighted avg       0.97      0.97      0.97    117605

-saving model-

Train_Epoch: 11
100%|█████████████████████████████████████████| 600/600 [03:07<00:00,  3.20it/s]
train_weighted_f1 0.9923013239516851
train_acc 0.9923036566923247

Valid_Epoch: 11
100%|███████████████████████████████████████████| 75/75 [00:11<00:00,  6.52it/s]
valid_weighted_f1: 0.9724543084271219
valid_acc: 0.9724586539687938
              precision    recall  f1-score   support

           1       1.00      1.00      1.00       121
           2       1.00      1.00      1.00      3312
           3       1.00      1.00      1.00      4790
           4       0.80      0.73      0.76       101
           5       1.00      1.00      1.00        21
           6       1.00      1.00      1.00      2353
           7       0.99      0.99      0.99      3217
           8       1.00      1.00      1.00      9748
           9       0.98      1.00      0.99        65
          11       1.00      0.99      0.99     12278
          12       0.94      0.94      0.94      9782
          13       0.90      0.96      0.93       306
          14       0.97      0.97      0.97       331
          15       1.00      1.00      1.00        66
          16       1.00      1.00      1.00       678
          17       0.95      0.95      0.95     15211
          18       0.96      0.96      0.96     19633
          19       0.80      0.83      0.81       266
          20       0.98      0.98      0.98      8344
          21       0.93      0.93      0.93        15
          22       1.00      1.00      1.00      2100
          23       1.00      1.00      1.00      1397
          24       1.00      1.00      1.00       925
          25       0.96      0.95      0.96      2155
          26       0.85      0.72      0.78       115
          27       0.97      0.89      0.93        38
          28       0.92      0.95      0.93       248
          29       1.00      1.00      1.00        66
          30       1.00      1.00      1.00      2302
          31       0.60      1.00      0.75         3
          32       0.97      0.98      0.98      2601
          33       0.97      0.96      0.97      4030
          34       0.96      0.96      0.96      2051
          35       0.94      0.96      0.95      3387
          36       0.97      0.98      0.97      1654
          37       0.98      0.98      0.98      2611
          38       0.95      0.98      0.96       370
          39       1.00      1.00      1.00       270
          40       1.00      1.00      1.00        10
          41       1.00      1.00      1.00       229
          42       1.00      0.98      0.99       405

    accuracy                           0.97    117605
   macro avg       0.96      0.96      0.96    117605
weighted avg       0.97      0.97      0.97    117605

-saving model-

Train_Epoch: 12
100%|█████████████████████████████████████████| 600/600 [03:06<00:00,  3.21it/s]
train_weighted_f1 0.9932637859937756
train_acc 0.9932658323562896

Valid_Epoch: 12
100%|███████████████████████████████████████████| 75/75 [00:11<00:00,  6.55it/s]
valid_weighted_f1: 0.9725533116814062
valid_acc: 0.9725606904468348
              precision    recall  f1-score   support

           1       1.00      1.00      1.00       121
           2       1.00      1.00      1.00      3312
           3       1.00      1.00      1.00      4790
           4       0.85      0.79      0.82       101
           5       1.00      1.00      1.00        21
           6       1.00      1.00      1.00      2353
           7       0.99      0.99      0.99      3217
           8       1.00      1.00      1.00      9748
           9       0.97      1.00      0.98        65
          11       1.00      0.99      0.99     12278
          12       0.93      0.95      0.94      9782
          13       0.91      0.96      0.94       306
          14       0.98      0.95      0.97       331
          15       1.00      1.00      1.00        66
          16       1.00      1.00      1.00       678
          17       0.95      0.95      0.95     15211
          18       0.96      0.95      0.96     19633
          19       0.84      0.77      0.80       266
          20       0.98      0.98      0.98      8344
          21       0.93      0.93      0.93        15
          22       1.00      1.00      1.00      2100
          23       1.00      1.00      1.00      1397
          24       1.00      1.00      1.00       925
          25       0.96      0.95      0.96      2155
          26       0.83      0.74      0.78       115
          27       0.93      0.97      0.95        38
          28       0.89      0.96      0.92       248
          29       1.00      1.00      1.00        66
          30       0.99      1.00      1.00      2302
          31       0.60      1.00      0.75         3
          32       0.97      0.98      0.98      2601
          33       0.97      0.96      0.97      4030
          34       0.96      0.96      0.96      2051
          35       0.95      0.95      0.95      3387
          36       0.97      0.98      0.98      1654
          37       0.98      0.98      0.98      2611
          38       0.95      0.96      0.96       370
          39       1.00      1.00      1.00       270
          40       1.00      1.00      1.00        10
          41       1.00      1.00      1.00       229
          42       1.00      0.98      0.99       405

    accuracy                           0.97    117605
   macro avg       0.96      0.97      0.96    117605
weighted avg       0.97      0.97      0.97    117605

-saving model-

Train_Epoch: 13
100%|█████████████████████████████████████████| 600/600 [03:06<00:00,  3.21it/s]
train_weighted_f1 0.9942316635662264
train_acc 0.994232256036431

Valid_Epoch: 13
100%|███████████████████████████████████████████| 75/75 [00:11<00:00,  6.55it/s]
valid_weighted_f1: 0.9731228457055129
valid_acc: 0.9731559032354067
              precision    recall  f1-score   support

           1       1.00      0.99      1.00       121
           2       1.00      1.00      1.00      3312
           3       1.00      1.00      1.00      4790
           4       0.85      0.75      0.80       101
           5       1.00      1.00      1.00        21
           6       1.00      1.00      1.00      2353
           7       0.99      0.99      0.99      3217
           8       1.00      1.00      1.00      9748
           9       0.98      1.00      0.99        65
          11       1.00      0.99      1.00     12278
          12       0.94      0.94      0.94      9782
          13       0.92      0.95      0.94       306
          14       0.97      0.96      0.96       331
          15       1.00      1.00      1.00        66
          16       1.00      1.00      1.00       678
          17       0.95      0.95      0.95     15211
          18       0.96      0.96      0.96     19633
          19       0.83      0.80      0.81       266
          20       0.98      0.98      0.98      8344
          21       0.93      0.93      0.93        15
          22       1.00      1.00      1.00      2100
          23       1.00      1.00      1.00      1397
          24       1.00      1.00      1.00       925
          25       0.96      0.96      0.96      2155
          26       0.86      0.75      0.80       115
          27       0.92      0.92      0.92        38
          28       0.92      0.95      0.93       248
          29       1.00      1.00      1.00        66
          30       1.00      1.00      1.00      2302
          31       0.75      1.00      0.86         3
          32       0.98      0.98      0.98      2601
          33       0.96      0.97      0.97      4030
          34       0.96      0.96      0.96      2051
          35       0.96      0.95      0.95      3387
          36       0.96      0.98      0.97      1654
          37       0.99      0.98      0.98      2611
          38       0.95      0.97      0.96       370
          39       1.00      1.00      1.00       270
          40       1.00      1.00      1.00        10
          41       1.00      1.00      1.00       229
          42       1.00      0.98      0.99       405

    accuracy                           0.97    117605
   macro avg       0.96      0.96      0.96    117605
weighted avg       0.97      0.97      0.97    117605

-saving model-

Train_Epoch: 14
100%|█████████████████████████████████████████| 600/600 [03:07<00:00,  3.21it/s]
train_weighted_f1 0.9947555629047895
train_acc 0.994756886034222

Valid_Epoch: 14
100%|███████████████████████████████████████████| 75/75 [00:11<00:00,  6.54it/s]
valid_weighted_f1: 0.972988514270975
valid_acc: 0.9730113515581821
              precision    recall  f1-score   support

           1       1.00      1.00      1.00       121
           2       1.00      1.00      1.00      3312
           3       1.00      1.00      1.00      4790
           4       0.85      0.71      0.77       101
           5       1.00      1.00      1.00        21
           6       1.00      1.00      1.00      2353
           7       0.99      0.99      0.99      3217
           8       1.00      1.00      1.00      9748
           9       0.98      1.00      0.99        65
          11       0.99      1.00      1.00     12278
          12       0.93      0.94      0.94      9782
          13       0.92      0.95      0.93       306
          14       0.97      0.96      0.97       331
          15       1.00      1.00      1.00        66
          16       1.00      1.00      1.00       678
          17       0.95      0.95      0.95     15211
          18       0.96      0.96      0.96     19633
          19       0.80      0.80      0.80       266
          20       0.98      0.98      0.98      8344
          21       0.93      0.93      0.93        15
          22       1.00      1.00      1.00      2100
          23       1.00      1.00      1.00      1397
          24       1.00      1.00      1.00       925
          25       0.97      0.96      0.96      2155
          26       0.87      0.75      0.80       115
          27       0.92      0.89      0.91        38
          28       0.91      0.94      0.93       248
          29       1.00      1.00      1.00        66
          30       1.00      1.00      1.00      2302
          31       1.00      1.00      1.00         3
          32       0.97      0.98      0.97      2601
          33       0.96      0.97      0.97      4030
          34       0.96      0.96      0.96      2051
          35       0.96      0.95      0.95      3387
          36       0.97      0.98      0.98      1654
          37       0.98      0.98      0.98      2611
          38       0.96      0.96      0.96       370
          39       1.00      1.00      1.00       270
          40       1.00      1.00      1.00        10
          41       1.00      1.00      1.00       229
          42       1.00      0.99      0.99       405

    accuracy                           0.97    117605
   macro avg       0.97      0.96      0.97    117605
weighted avg       0.97      0.97      0.97    117605

-saving model-

Process finished with exit code 0
