ssh://root@mp-weizenbaum.iais.fraunhofer.de:22022/opt/conda/envs/dibert/bin/python -u /cluster/pytorchic-bert/Downstreamtask/NER/train_ner.py
38367
4796
{'lrmain': 5e-05, 'drop_out': 0.1}
selecting best_params

Train_Epoch: 0
100%|█████████████████████████████████████████| 600/600 [03:04<00:00,  3.25it/s]
train_weighted_f1 0.8815269565540834
train_acc 0.8815801770573143

Valid_Epoch: 0
100%|███████████████████████████████████████████| 75/75 [00:11<00:00,  6.42it/s]
valid_weighted_f1: 0.950920211938702
valid_acc: 0.9510565026997152
/opt/conda/envs/dibert/lib/python3.8/site-packages/sklearn/metrics/_classification.py:1221: UndefinedMetricWarning: Precision and F-score are ill-defined and being set to 0.0 in labels with no predicted samples. Use `zero_division` parameter to control this behavior.
  _warn_prf(average, modifier, msg_start, len(result))
              precision    recall  f1-score   support

           1       1.00      0.97      0.98       121
           2       1.00      1.00      1.00      3312
           3       1.00      1.00      1.00      4790
           4       0.75      0.54      0.63       101
           5       1.00      1.00      1.00        21
           6       1.00      0.99      1.00      2353
           7       0.98      0.98      0.98      3217
           8       1.00      1.00      1.00      9748
           9       0.94      1.00      0.97        65
          11       0.99      0.99      0.99     12278
          12       0.88      0.91      0.89      9782
          13       0.84      0.91      0.87       306
          14       0.92      0.90      0.91       331
          15       1.00      1.00      1.00        66
          16       1.00      0.99      0.99       678
          17       0.90      0.93      0.91     15211
          18       0.95      0.91      0.93     19633
          19       0.87      0.63      0.73       266
          20       0.94      0.96      0.95      8344
          21       0.86      0.40      0.55        15
          22       0.99      1.00      1.00      2100
          23       1.00      0.99      0.99      1397
          24       0.99      1.00      1.00       925
          25       0.96      0.88      0.92      2155
          26       0.92      0.50      0.64       115
          27       0.90      0.47      0.62        38
          28       0.87      0.93      0.90       248
          29       1.00      1.00      1.00        66
          30       0.99      1.00      1.00      2302
          31       0.00      0.00      0.00         3
          32       0.96      0.95      0.95      2601
          33       0.94      0.96      0.95      4030
          34       0.89      0.90      0.89      2051
          35       0.95      0.91      0.93      3387
          36       0.97      0.96      0.96      1654
          37       0.98      0.95      0.96      2611
          38       0.96      0.96      0.96       370
          39       0.99      1.00      1.00       270
          40       1.00      1.00      1.00        10
          41       1.00      1.00      1.00       229
          42       1.00      0.98      0.99       405

    accuracy                           0.95    117605
   macro avg       0.93      0.89      0.90    117605
weighted avg       0.95      0.95      0.95    117605

-saving model-

Train_Epoch: 1
100%|█████████████████████████████████████████| 600/600 [02:25<00:00,  4.13it/s]
train_weighted_f1 0.952157156762747
train_acc 0.9522310580958693

Valid_Epoch: 1
100%|███████████████████████████████████████████| 75/75 [00:11<00:00,  6.52it/s]
valid_weighted_f1: 0.9628156911158439
valid_acc: 0.9629352493516432
              precision    recall  f1-score   support

           1       1.00      0.97      0.98       121
           2       1.00      1.00      1.00      3312
           3       1.00      1.00      1.00      4790
           4       0.81      0.69      0.75       101
           5       1.00      1.00      1.00        21
           6       1.00      1.00      1.00      2353
           7       0.98      0.99      0.99      3217
           8       1.00      1.00      1.00      9748
           9       1.00      1.00      1.00        65
          11       0.99      0.99      0.99     12278
          12       0.93      0.91      0.92      9782
          13       0.87      0.94      0.90       306
          14       0.95      0.94      0.94       331
          15       1.00      1.00      1.00        66
          16       1.00      1.00      1.00       678
          17       0.93      0.94      0.93     15211
          18       0.94      0.95      0.94     19633
          19       0.84      0.74      0.79       266
          20       0.97      0.97      0.97      8344
          21       0.86      0.80      0.83        15
          22       0.99      1.00      1.00      2100
          23       1.00      1.00      1.00      1397
          24       0.99      1.00      1.00       925
          25       0.96      0.93      0.95      2155
          26       0.88      0.57      0.69       115
          27       0.90      0.74      0.81        38
          28       0.88      0.95      0.92       248
          29       1.00      1.00      1.00        66
          30       0.99      1.00      1.00      2302
          31       1.00      0.33      0.50         3
          32       0.96      0.96      0.96      2601
          33       0.94      0.97      0.96      4030
          34       0.93      0.94      0.93      2051
          35       0.96      0.93      0.94      3387
          36       0.97      0.97      0.97      1654
          37       0.98      0.96      0.97      2611
          38       0.96      0.97      0.97       370
          39       1.00      1.00      1.00       270
          40       1.00      1.00      1.00        10
          41       1.00      1.00      1.00       229
          42       1.00      0.98      0.99       405

    accuracy                           0.96    117605
   macro avg       0.96      0.93      0.94    117605
weighted avg       0.96      0.96      0.96    117605

-saving model-

Train_Epoch: 2
100%|█████████████████████████████████████████| 600/600 [03:05<00:00,  3.23it/s]
train_weighted_f1 0.9668021770384468
train_acc 0.9668506057671068

Valid_Epoch: 2
100%|███████████████████████████████████████████| 75/75 [00:11<00:00,  6.57it/s]
valid_weighted_f1: 0.9663777420473542
valid_acc: 0.966464010883891
              precision    recall  f1-score   support

           1       1.00      0.99      1.00       121
           2       1.00      1.00      1.00      3312
           3       1.00      1.00      1.00      4790
           4       0.82      0.74      0.78       101
           5       1.00      1.00      1.00        21
           6       1.00      1.00      1.00      2353
           7       0.98      0.99      0.99      3217
           8       1.00      1.00      1.00      9748
           9       1.00      0.98      0.99        65
          11       0.99      0.99      0.99     12278
          12       0.94      0.91      0.93      9782
          13       0.90      0.94      0.92       306
          14       0.95      0.96      0.95       331
          15       1.00      1.00      1.00        66
          16       1.00      1.00      1.00       678
          17       0.94      0.95      0.94     15211
          18       0.95      0.95      0.95     19633
          19       0.82      0.80      0.81       266
          20       0.97      0.98      0.97      8344
          21       0.92      0.80      0.86        15
          22       0.99      1.00      1.00      2100
          23       1.00      1.00      1.00      1397
          24       1.00      1.00      1.00       925
          25       0.95      0.95      0.95      2155
          26       0.90      0.69      0.78       115
          27       0.93      0.74      0.82        38
          28       0.91      0.94      0.92       248
          29       1.00      1.00      1.00        66
          30       0.99      1.00      1.00      2302
          31       0.50      0.33      0.40         3
          32       0.97      0.97      0.97      2601
          33       0.94      0.98      0.96      4030
          34       0.96      0.94      0.95      2051
          35       0.96      0.93      0.94      3387
          36       0.97      0.98      0.97      1654
          37       0.98      0.97      0.97      2611
          38       0.95      0.97      0.96       370
          39       1.00      1.00      1.00       270
          40       1.00      1.00      1.00        10
          41       1.00      1.00      1.00       229
          42       1.00      0.98      0.99       405

    accuracy                           0.97    117605
   macro avg       0.95      0.93      0.94    117605
weighted avg       0.97      0.97      0.97    117605

-saving model-

Train_Epoch: 3
100%|█████████████████████████████████████████| 600/600 [03:04<00:00,  3.25it/s]
train_weighted_f1 0.974828233181641
train_acc 0.9748581162597068

Valid_Epoch: 3
100%|███████████████████████████████████████████| 75/75 [00:11<00:00,  6.51it/s]
valid_weighted_f1: 0.9687150904383758
valid_acc: 0.9687853407593214
              precision    recall  f1-score   support

           1       1.00      1.00      1.00       121
           2       1.00      1.00      1.00      3312
           3       1.00      1.00      1.00      4790
           4       0.84      0.75      0.79       101
           5       1.00      1.00      1.00        21
           6       1.00      1.00      1.00      2353
           7       0.99      0.99      0.99      3217
           8       1.00      1.00      1.00      9748
           9       1.00      0.98      0.99        65
          11       0.99      1.00      0.99     12278
          12       0.93      0.93      0.93      9782
          13       0.90      0.95      0.92       306
          14       0.96      0.97      0.96       331
          15       1.00      1.00      1.00        66
          16       1.00      1.00      1.00       678
          17       0.95      0.94      0.94     15211
          18       0.95      0.96      0.95     19633
          19       0.84      0.79      0.82       266
          20       0.98      0.98      0.98      8344
          21       0.87      0.87      0.87        15
          22       0.99      1.00      1.00      2100
          23       1.00      1.00      1.00      1397
          24       1.00      1.00      1.00       925
          25       0.96      0.95      0.95      2155
          26       0.90      0.64      0.75       115
          27       0.94      0.79      0.86        38
          28       0.89      0.96      0.93       248
          29       1.00      1.00      1.00        66
          30       0.99      1.00      1.00      2302
          31       0.50      0.33      0.40         3
          32       0.97      0.97      0.97      2601
          33       0.95      0.98      0.96      4030
          34       0.96      0.95      0.96      2051
          35       0.96      0.93      0.95      3387
          36       0.96      0.98      0.97      1654
          37       0.98      0.97      0.98      2611
          38       0.97      0.96      0.96       370
          39       1.00      1.00      1.00       270
          40       1.00      1.00      1.00        10
          41       1.00      1.00      1.00       229
          42       1.00      0.98      0.99       405

    accuracy                           0.97    117605
   macro avg       0.95      0.94      0.95    117605
weighted avg       0.97      0.97      0.97    117605

-saving model-

Train_Epoch: 4
100%|█████████████████████████████████████████| 600/600 [02:25<00:00,  4.12it/s]
train_weighted_f1 0.9805668588555615
train_acc 0.9805886900817319

Valid_Epoch: 4
100%|███████████████████████████████████████████| 75/75 [00:11<00:00,  6.51it/s]
valid_weighted_f1: 0.9698627930937221
valid_acc: 0.9699077420177713
              precision    recall  f1-score   support

           1       1.00      1.00      1.00       121
           2       1.00      1.00      1.00      3312
           3       1.00      1.00      1.00      4790
           4       0.80      0.73      0.77       101
           5       1.00      1.00      1.00        21
           6       1.00      1.00      1.00      2353
           7       0.99      0.99      0.99      3217
           8       1.00      1.00      1.00      9748
           9       1.00      0.97      0.98        65
          11       0.99      1.00      0.99     12278
          12       0.93      0.94      0.94      9782
          13       0.90      0.95      0.92       306
          14       0.95      0.96      0.96       331
          15       1.00      1.00      1.00        66
          16       1.00      1.00      1.00       678
          17       0.95      0.94      0.95     15211
          18       0.95      0.96      0.95     19633
          19       0.82      0.83      0.83       266
          20       0.97      0.98      0.98      8344
          21       0.93      0.87      0.90        15
          22       1.00      1.00      1.00      2100
          23       1.00      1.00      1.00      1397
          24       1.00      1.00      1.00       925
          25       0.96      0.95      0.96      2155
          26       0.88      0.65      0.75       115
          27       0.93      0.71      0.81        38
          28       0.91      0.95      0.93       248
          29       1.00      1.00      1.00        66
          30       0.99      1.00      1.00      2302
          31       1.00      0.67      0.80         3
          32       0.96      0.97      0.97      2601
          33       0.96      0.97      0.97      4030
          34       0.96      0.95      0.96      2051
          35       0.96      0.94      0.95      3387
          36       0.97      0.97      0.97      1654
          37       0.98      0.97      0.98      2611
          38       0.96      0.96      0.96       370
          39       1.00      1.00      1.00       270
          40       1.00      1.00      1.00        10
          41       1.00      1.00      1.00       229
          42       1.00      0.99      0.99       405

    accuracy                           0.97    117605
   macro avg       0.97      0.95      0.95    117605
weighted avg       0.97      0.97      0.97    117605

-saving model-

Train_Epoch: 5
100%|█████████████████████████████████████████| 600/600 [03:05<00:00,  3.24it/s]
train_weighted_f1 0.9841371221523167
train_acc 0.9841485276375932

Valid_Epoch: 5
100%|███████████████████████████████████████████| 75/75 [00:11<00:00,  6.53it/s]
valid_weighted_f1: 0.9704437992014151
valid_acc: 0.9704689426469963
              precision    recall  f1-score   support

           1       1.00      1.00      1.00       121
           2       1.00      1.00      1.00      3312
           3       1.00      1.00      1.00      4790
           4       0.90      0.73      0.81       101
           5       1.00      1.00      1.00        21
           6       1.00      1.00      1.00      2353
           7       0.99      0.99      0.99      3217
           8       1.00      1.00      1.00      9748
           9       1.00      0.98      0.99        65
          11       0.99      0.99      0.99     12278
          12       0.92      0.95      0.93      9782
          13       0.91      0.95      0.93       306
          14       0.97      0.96      0.96       331
          15       1.00      1.00      1.00        66
          16       1.00      1.00      1.00       678
          17       0.95      0.95      0.95     15211
          18       0.96      0.95      0.96     19633
          19       0.83      0.79      0.81       266
          20       0.98      0.98      0.98      8344
          21       0.85      0.73      0.79        15
          22       0.99      1.00      1.00      2100
          23       1.00      1.00      1.00      1397
          24       1.00      1.00      1.00       925
          25       0.96      0.95      0.96      2155
          26       0.89      0.70      0.79       115
          27       0.92      0.87      0.89        38
          28       0.90      0.93      0.91       248
          29       1.00      1.00      1.00        66
          30       0.99      1.00      1.00      2302
          31       1.00      1.00      1.00         3
          32       0.96      0.97      0.97      2601
          33       0.95      0.98      0.96      4030
          34       0.96      0.96      0.96      2051
          35       0.97      0.93      0.95      3387
          36       0.97      0.98      0.97      1654
          37       0.98      0.98      0.98      2611
          38       0.95      0.98      0.96       370
          39       1.00      1.00      1.00       270
          40       1.00      1.00      1.00        10
          41       1.00      1.00      1.00       229
          42       1.00      0.99      0.99       405

    accuracy                           0.97    117605
   macro avg       0.97      0.96      0.96    117605
weighted avg       0.97      0.97      0.97    117605

-saving model-

Train_Epoch: 6
100%|█████████████████████████████████████████| 600/600 [02:38<00:00,  3.78it/s]
train_weighted_f1 0.9874688151154078
train_acc 0.9874779103158825

Valid_Epoch: 6
100%|███████████████████████████████████████████| 75/75 [00:11<00:00,  6.32it/s]
valid_weighted_f1: 0.9704388487946691
valid_acc: 0.9704519365673229
              precision    recall  f1-score   support

           1       1.00      1.00      1.00       121
           2       1.00      1.00      1.00      3312
           3       1.00      1.00      1.00      4790
           4       0.83      0.78      0.81       101
           5       1.00      1.00      1.00        21
           6       1.00      1.00      1.00      2353
           7       0.99      0.99      0.99      3217
           8       1.00      1.00      1.00      9748
           9       1.00      0.98      0.99        65
          11       0.99      1.00      0.99     12278
          12       0.92      0.95      0.93      9782
          13       0.92      0.94      0.93       306
          14       0.97      0.96      0.97       331
          15       1.00      1.00      1.00        66
          16       1.00      1.00      1.00       678
          17       0.95      0.94      0.95     15211
          18       0.96      0.95      0.96     19633
          19       0.83      0.81      0.82       266
          20       0.97      0.98      0.98      8344
          21       0.87      0.87      0.87        15
          22       0.99      1.00      1.00      2100
          23       1.00      1.00      1.00      1397
          24       1.00      1.00      1.00       925
          25       0.96      0.95      0.96      2155
          26       0.91      0.71      0.80       115
          27       0.94      0.87      0.90        38
          28       0.91      0.94      0.92       248
          29       1.00      1.00      1.00        66
          30       0.99      1.00      1.00      2302
          31       1.00      1.00      1.00         3
          32       0.97      0.97      0.97      2601
          33       0.96      0.97      0.97      4030
          34       0.95      0.96      0.96      2051
          35       0.96      0.94      0.95      3387
          36       0.96      0.98      0.97      1654
          37       0.99      0.97      0.98      2611
          38       0.97      0.97      0.97       370
          39       1.00      1.00      1.00       270
          40       1.00      1.00      1.00        10
          41       1.00      1.00      1.00       229
          42       1.00      0.99      0.99       405

    accuracy                           0.97    117605
   macro avg       0.97      0.96      0.96    117605
weighted avg       0.97      0.97      0.97    117605

-saving model-

Train_Epoch: 7
100%|█████████████████████████████████████████| 600/600 [03:07<00:00,  3.21it/s]
train_weighted_f1 0.989580963580789
train_acc 0.9895849263393995

Valid_Epoch: 7
100%|███████████████████████████████████████████| 75/75 [00:11<00:00,  6.29it/s]
valid_weighted_f1: 0.9707140305817548
valid_acc: 0.9707495429616088
              precision    recall  f1-score   support

           1       1.00      1.00      1.00       121
           2       1.00      1.00      1.00      3312
           3       1.00      1.00      1.00      4790
           4       0.85      0.74      0.79       101
           5       1.00      1.00      1.00        21
           6       1.00      1.00      1.00      2353
           7       0.99      0.99      0.99      3217
           8       1.00      1.00      1.00      9748
           9       1.00      0.98      0.99        65
          11       0.99      1.00      0.99     12278
          12       0.93      0.95      0.94      9782
          13       0.91      0.95      0.93       306
          14       0.97      0.95      0.96       331
          15       1.00      1.00      1.00        66
          16       1.00      1.00      1.00       678
          17       0.95      0.94      0.95     15211
          18       0.96      0.95      0.96     19633
          19       0.84      0.82      0.83       266
          20       0.97      0.98      0.98      8344
          21       0.93      0.93      0.93        15
          22       1.00      1.00      1.00      2100
          23       1.00      1.00      1.00      1397
          24       1.00      1.00      1.00       925
          25       0.96      0.95      0.95      2155
          26       0.87      0.70      0.77       115
          27       0.89      0.89      0.89        38
          28       0.89      0.96      0.92       248
          29       1.00      1.00      1.00        66
          30       0.99      1.00      1.00      2302
          31       1.00      1.00      1.00         3
          32       0.96      0.97      0.97      2601
          33       0.96      0.97      0.96      4030
          34       0.96      0.96      0.96      2051
          35       0.95      0.94      0.95      3387
          36       0.97      0.98      0.97      1654
          37       0.99      0.97      0.98      2611
          38       0.96      0.97      0.97       370
          39       1.00      1.00      1.00       270
          40       1.00      1.00      1.00        10
          41       1.00      1.00      1.00       229
          42       1.00      0.99      0.99       405

    accuracy                           0.97    117605
   macro avg       0.97      0.96      0.96    117605
weighted avg       0.97      0.97      0.97    117605

-saving model-

Train_Epoch: 8
100%|█████████████████████████████████████████| 600/600 [02:26<00:00,  4.10it/s]
train_weighted_f1 0.9913543684945197
train_acc 0.9913563490849773

Valid_Epoch: 8
100%|███████████████████████████████████████████| 75/75 [00:12<00:00,  6.24it/s]
valid_weighted_f1: 0.9710079660637796
valid_acc: 0.9710556523957314
              precision    recall  f1-score   support

           1       1.00      1.00      1.00       121
           2       1.00      1.00      1.00      3312
           3       1.00      1.00      1.00      4790
           4       0.82      0.78      0.80       101
           5       1.00      1.00      1.00        21
           6       1.00      1.00      1.00      2353
           7       0.99      0.99      0.99      3217
           8       1.00      1.00      1.00      9748
           9       0.98      0.98      0.98        65
          11       0.99      1.00      0.99     12278
          12       0.94      0.94      0.94      9782
          13       0.90      0.95      0.93       306
          14       0.98      0.95      0.97       331
          15       1.00      1.00      1.00        66
          16       1.00      1.00      1.00       678
          17       0.95      0.94      0.95     15211
          18       0.95      0.96      0.96     19633
          19       0.84      0.81      0.82       266
          20       0.98      0.98      0.98      8344
          21       0.92      0.73      0.81        15
          22       0.99      1.00      1.00      2100
          23       1.00      1.00      1.00      1397
          24       1.00      1.00      1.00       925
          25       0.96      0.95      0.96      2155
          26       0.90      0.68      0.77       115
          27       0.92      0.89      0.91        38
          28       0.91      0.94      0.92       248
          29       1.00      1.00      1.00        66
          30       0.99      1.00      1.00      2302
          31       1.00      1.00      1.00         3
          32       0.96      0.98      0.97      2601
          33       0.96      0.97      0.96      4030
          34       0.97      0.95      0.96      2051
          35       0.96      0.94      0.95      3387
          36       0.97      0.97      0.97      1654
          37       0.98      0.97      0.98      2611
          38       0.96      0.97      0.96       370
          39       1.00      1.00      1.00       270
          40       1.00      1.00      1.00        10
          41       1.00      1.00      1.00       229
          42       1.00      0.99      1.00       405

    accuracy                           0.97    117605
   macro avg       0.97      0.96      0.96    117605
weighted avg       0.97      0.97      0.97    117605

-saving model-

Train_Epoch: 9
100%|█████████████████████████████████████████| 600/600 [03:06<00:00,  3.22it/s]
train_weighted_f1 0.9924789999151228
train_acc 0.9924810113676913

Valid_Epoch: 9
100%|███████████████████████████████████████████| 75/75 [00:11<00:00,  6.48it/s]
valid_weighted_f1: 0.9707365942533519
valid_acc: 0.970775052081119
              precision    recall  f1-score   support

           1       1.00      1.00      1.00       121
           2       1.00      1.00      1.00      3312
           3       1.00      1.00      1.00      4790
           4       0.85      0.75      0.80       101
           5       0.95      1.00      0.98        21
           6       1.00      1.00      1.00      2353
           7       0.99      0.99      0.99      3217
           8       1.00      1.00      1.00      9748
           9       1.00      0.98      0.99        65
          11       0.99      1.00      0.99     12278
          12       0.94      0.94      0.94      9782
          13       0.91      0.94      0.92       306
          14       0.97      0.96      0.96       331
          15       1.00      1.00      1.00        66
          16       1.00      1.00      1.00       678
          17       0.95      0.94      0.95     15211
          18       0.95      0.96      0.96     19633
          19       0.84      0.82      0.83       266
          20       0.97      0.98      0.98      8344
          21       0.86      0.80      0.83        15
          22       1.00      1.00      1.00      2100
          23       1.00      1.00      1.00      1397
          24       1.00      1.00      1.00       925
          25       0.96      0.95      0.96      2155
          26       0.83      0.74      0.78       115
          27       0.94      0.87      0.90        38
          28       0.91      0.96      0.93       248
          29       1.00      1.00      1.00        66
          30       0.99      1.00      1.00      2302
          31       1.00      1.00      1.00         3
          32       0.96      0.98      0.97      2601
          33       0.97      0.96      0.96      4030
          34       0.96      0.95      0.96      2051
          35       0.95      0.95      0.95      3387
          36       0.97      0.97      0.97      1654
          37       0.98      0.98      0.98      2611
          38       0.97      0.96      0.97       370
          39       1.00      1.00      1.00       270
          40       1.00      1.00      1.00        10
          41       1.00      1.00      1.00       229
          42       1.00      0.99      0.99       405

    accuracy                           0.97    117605
   macro avg       0.96      0.96      0.96    117605
weighted avg       0.97      0.97      0.97    117605

-saving model-

Train_Epoch: 10
100%|█████████████████████████████████████████| 600/600 [03:06<00:00,  3.22it/s]
train_weighted_f1 0.9935582184112098
train_acc 0.9935589454724644

Valid_Epoch: 10
100%|███████████████████████████████████████████| 75/75 [00:11<00:00,  6.52it/s]
valid_weighted_f1: 0.9708893869093456
valid_acc: 0.9709111007185068
              precision    recall  f1-score   support

           1       1.00      0.99      1.00       121
           2       1.00      1.00      1.00      3312
           3       1.00      1.00      1.00      4790
           4       0.86      0.75      0.80       101
           5       0.95      1.00      0.98        21
           6       1.00      1.00      1.00      2353
           7       0.99      0.99      0.99      3217
           8       1.00      1.00      1.00      9748
           9       1.00      0.98      0.99        65
          11       0.99      0.99      0.99     12278
          12       0.93      0.95      0.94      9782
          13       0.90      0.95      0.93       306
          14       0.98      0.95      0.96       331
          15       1.00      1.00      1.00        66
          16       1.00      1.00      1.00       678
          17       0.95      0.95      0.95     15211
          18       0.96      0.95      0.96     19633
          19       0.81      0.83      0.82       266
          20       0.98      0.98      0.98      8344
          21       1.00      0.80      0.89        15
          22       1.00      1.00      1.00      2100
          23       1.00      1.00      1.00      1397
          24       1.00      1.00      1.00       925
          25       0.96      0.95      0.95      2155
          26       0.88      0.68      0.76       115
          27       0.88      0.95      0.91        38
          28       0.90      0.96      0.93       248
          29       1.00      1.00      1.00        66
          30       0.99      1.00      1.00      2302
          31       0.75      1.00      0.86         3
          32       0.95      0.98      0.97      2601
          33       0.96      0.97      0.96      4030
          34       0.96      0.95      0.95      2051
          35       0.96      0.94      0.95      3387
          36       0.97      0.97      0.97      1654
          37       0.98      0.97      0.98      2611
          38       0.96      0.97      0.97       370
          39       1.00      1.00      1.00       270
          40       1.00      1.00      1.00        10
          41       1.00      1.00      1.00       229
          42       1.00      0.99      1.00       405

    accuracy                           0.97    117605
   macro avg       0.96      0.96      0.96    117605
weighted avg       0.97      0.97      0.97    117605

-saving model-

Train_Epoch: 11
100%|█████████████████████████████████████████| 600/600 [03:06<00:00,  3.22it/s]
train_weighted_f1 0.9943054779427268
train_acc 0.9943065963195188

Valid_Epoch: 11
100%|███████████████████████████████████████████| 75/75 [00:11<00:00,  6.54it/s]
valid_weighted_f1: 0.9715518756819647
valid_acc: 0.971565834785936
              precision    recall  f1-score   support

           1       1.00      1.00      1.00       121
           2       1.00      1.00      1.00      3312
           3       1.00      1.00      1.00      4790
           4       0.81      0.78      0.79       101
           5       1.00      1.00      1.00        21
           6       1.00      1.00      1.00      2353
           7       1.00      0.99      0.99      3217
           8       1.00      1.00      1.00      9748
           9       1.00      0.98      0.99        65
          11       0.99      1.00      0.99     12278
          12       0.93      0.95      0.94      9782
          13       0.93      0.94      0.93       306
          14       0.97      0.96      0.97       331
          15       1.00      1.00      1.00        66
          16       1.00      1.00      1.00       678
          17       0.95      0.95      0.95     15211
          18       0.96      0.95      0.96     19633
          19       0.83      0.82      0.82       266
          20       0.98      0.98      0.98      8344
          21       1.00      0.93      0.97        15
          22       1.00      1.00      1.00      2100
          23       1.00      1.00      1.00      1397
          24       1.00      1.00      1.00       925
          25       0.96      0.96      0.96      2155
          26       0.87      0.73      0.79       115
          27       0.94      0.87      0.90        38
          28       0.91      0.94      0.92       248
          29       1.00      1.00      1.00        66
          30       0.99      1.00      1.00      2302
          31       1.00      1.00      1.00         3
          32       0.95      0.98      0.97      2601
          33       0.96      0.97      0.97      4030
          34       0.96      0.95      0.96      2051
          35       0.96      0.94      0.95      3387
          36       0.97      0.97      0.97      1654
          37       0.98      0.98      0.98      2611
          38       0.97      0.97      0.97       370
          39       1.00      1.00      1.00       270
          40       1.00      1.00      1.00        10
          41       1.00      1.00      1.00       229
          42       1.00      0.99      0.99       405

    accuracy                           0.97    117605
   macro avg       0.97      0.96      0.97    117605
weighted avg       0.97      0.97      0.97    117605

-saving model-

Train_Epoch: 12
100%|█████████████████████████████████████████| 600/600 [03:05<00:00,  3.23it/s]
train_weighted_f1 0.994909652481114
train_acc 0.994909814616574

Valid_Epoch: 12
100%|███████████████████████████████████████████| 75/75 [00:11<00:00,  6.56it/s]
valid_weighted_f1: 0.9709417728859326
valid_acc: 0.9709706219973641
              precision    recall  f1-score   support

           1       1.00      1.00      1.00       121
           2       1.00      1.00      1.00      3312
           3       1.00      1.00      1.00      4790
           4       0.78      0.79      0.79       101
           5       0.95      1.00      0.98        21
           6       1.00      1.00      1.00      2353
           7       1.00      0.99      0.99      3217
           8       1.00      1.00      1.00      9748
           9       0.98      0.98      0.98        65
          11       0.99      1.00      0.99     12278
          12       0.93      0.94      0.94      9782
          13       0.92      0.93      0.93       306
          14       0.97      0.96      0.97       331
          15       1.00      1.00      1.00        66
          16       1.00      1.00      1.00       678
          17       0.95      0.95      0.95     15211
          18       0.96      0.95      0.96     19633
          19       0.85      0.78      0.81       266
          20       0.98      0.98      0.98      8344
          21       1.00      0.73      0.85        15
          22       1.00      1.00      1.00      2100
          23       1.00      1.00      1.00      1397
          24       1.00      1.00      1.00       925
          25       0.95      0.96      0.95      2155
          26       0.85      0.70      0.77       115
          27       0.87      0.89      0.88        38
          28       0.91      0.93      0.92       248
          29       1.00      1.00      1.00        66
          30       0.99      1.00      1.00      2302
          31       1.00      1.00      1.00         3
          32       0.96      0.98      0.97      2601
          33       0.96      0.97      0.96      4030
          34       0.96      0.95      0.96      2051
          35       0.96      0.94      0.95      3387
          36       0.97      0.97      0.97      1654
          37       0.98      0.98      0.98      2611
          38       0.97      0.96      0.97       370
          39       1.00      1.00      1.00       270
          40       1.00      1.00      1.00        10
          41       1.00      1.00      1.00       229
          42       1.00      0.99      0.99       405

    accuracy                           0.97    117605
   macro avg       0.97      0.96      0.96    117605
weighted avg       0.97      0.97      0.97    117605

-saving model-

Train_Epoch: 13
100%|█████████████████████████████████████████| 600/600 [03:05<00:00,  3.23it/s]
train_weighted_f1 0.9953638568581504
train_acc 0.9953643523474537

Valid_Epoch: 13
100%|███████████████████████████████████████████| 75/75 [00:11<00:00,  6.52it/s]
valid_weighted_f1: 0.9709928420788656
valid_acc: 0.9710301432762213
              precision    recall  f1-score   support

           1       1.00      1.00      1.00       121
           2       1.00      1.00      1.00      3312
           3       1.00      1.00      1.00      4790
           4       0.88      0.76      0.81       101
           5       1.00      1.00      1.00        21
           6       1.00      1.00      1.00      2353
           7       1.00      0.99      0.99      3217
           8       1.00      1.00      1.00      9748
           9       1.00      0.98      0.99        65
          11       0.99      1.00      0.99     12278
          12       0.93      0.94      0.94      9782
          13       0.91      0.95      0.93       306
          14       0.98      0.95      0.96       331
          15       1.00      1.00      1.00        66
          16       1.00      1.00      1.00       678
          17       0.95      0.94      0.95     15211
          18       0.96      0.96      0.96     19633
          19       0.84      0.79      0.81       266
          20       0.98      0.98      0.98      8344
          21       0.86      0.80      0.83        15
          22       0.99      1.00      1.00      2100
          23       1.00      1.00      1.00      1397
          24       1.00      1.00      1.00       925
          25       0.95      0.96      0.96      2155
          26       0.85      0.70      0.77       115
          27       0.88      0.95      0.91        38
          28       0.90      0.94      0.92       248
          29       1.00      1.00      1.00        66
          30       0.99      1.00      1.00      2302
          31       1.00      1.00      1.00         3
          32       0.96      0.98      0.97      2601
          33       0.96      0.97      0.97      4030
          34       0.96      0.96      0.96      2051
          35       0.96      0.94      0.95      3387
          36       0.97      0.98      0.97      1654
          37       0.98      0.98      0.98      2611
          38       0.96      0.97      0.97       370
          39       1.00      1.00      1.00       270
          40       1.00      1.00      1.00        10
          41       1.00      1.00      1.00       229
          42       1.00      0.99      0.99       405

    accuracy                           0.97    117605
   macro avg       0.97      0.96      0.96    117605
weighted avg       0.97      0.97      0.97    117605

-saving model-

Train_Epoch: 14
100%|█████████████████████████████████████████| 600/600 [02:38<00:00,  3.77it/s]
train_weighted_f1 0.9959640048272003
train_acc 0.9959643846323767

Valid_Epoch: 14
100%|███████████████████████████████████████████| 75/75 [00:11<00:00,  6.56it/s]
valid_weighted_f1: 0.9712572518821879
valid_acc: 0.971302240550997
              precision    recall  f1-score   support

           1       1.00      1.00      1.00       121
           2       1.00      1.00      1.00      3312
           3       1.00      1.00      1.00      4790
           4       0.91      0.71      0.80       101
           5       1.00      1.00      1.00        21
           6       1.00      1.00      1.00      2353
           7       1.00      0.99      0.99      3217
           8       1.00      1.00      1.00      9748
           9       1.00      0.98      0.99        65
          11       0.99      1.00      0.99     12278
          12       0.94      0.94      0.94      9782
          13       0.92      0.94      0.93       306
          14       0.96      0.97      0.97       331
          15       1.00      1.00      1.00        66
          16       1.00      1.00      1.00       678
          17       0.94      0.95      0.95     15211
          18       0.96      0.95      0.96     19633
          19       0.86      0.77      0.81       266
          20       0.98      0.98      0.98      8344
          21       0.92      0.73      0.81        15
          22       1.00      1.00      1.00      2100
          23       1.00      1.00      1.00      1397
          24       1.00      1.00      1.00       925
          25       0.95      0.96      0.95      2155
          26       0.86      0.71      0.78       115
          27       0.91      0.82      0.86        38
          28       0.94      0.91      0.92       248
          29       1.00      1.00      1.00        66
          30       1.00      1.00      1.00      2302
          31       1.00      1.00      1.00         3
          32       0.97      0.97      0.97      2601
          33       0.97      0.96      0.96      4030
          34       0.96      0.95      0.96      2051
          35       0.95      0.95      0.95      3387
          36       0.97      0.97      0.97      1654
          37       0.99      0.98      0.98      2611
          38       0.97      0.97      0.97       370
          39       1.00      1.00      1.00       270
          40       1.00      1.00      1.00        10
          41       1.00      1.00      1.00       229
          42       1.00      0.99      0.99       405

    accuracy                           0.97    117605
   macro avg       0.97      0.95      0.96    117605
weighted avg       0.97      0.97      0.97    117605

-saving model-

Process finished with exit code 0
