ssh://root@mp-weizenbaum.iais.fraunhofer.de:22022/opt/conda/envs/dibert/bin/python -u /cluster/pytorchic-bert/Downstreamtask/NER/train_ner.py
38367
4796
{'lrmain': 5e-05, 'drop_out': 0.1}
selecting best_params

Train_Epoch: 0
100%|█████████████████████████████████████████| 600/600 [02:59<00:00,  3.34it/s]
train_weighted_f1 0.8823452297371398
train_acc 0.8823161458598834

Valid_Epoch: 0
100%|███████████████████████████████████████████| 75/75 [00:11<00:00,  6.58it/s]
valid_weighted_f1: 0.951360698273665
valid_acc: 0.9514561455720421
/opt/conda/envs/dibert/lib/python3.8/site-packages/sklearn/metrics/_classification.py:1221: UndefinedMetricWarning: Precision and F-score are ill-defined and being set to 0.0 in labels with no predicted samples. Use `zero_division` parameter to control this behavior.
  _warn_prf(average, modifier, msg_start, len(result))
              precision    recall  f1-score   support

           1       1.00      0.97      0.98       121
           2       1.00      1.00      1.00      3312
           3       1.00      1.00      1.00      4790
           4       0.74      0.49      0.59       101
           5       1.00      1.00      1.00        21
           6       1.00      0.99      1.00      2353
           7       0.98      0.98      0.98      3217
           8       1.00      1.00      1.00      9748
           9       0.97      1.00      0.98        65
          11       0.99      0.99      0.99     12278
          12       0.87      0.91      0.89      9782
          13       0.85      0.91      0.88       306
          14       0.95      0.90      0.93       331
          15       1.00      1.00      1.00        66
          16       1.00      0.99      0.99       678
          17       0.92      0.91      0.92     15211
          18       0.94      0.92      0.93     19633
          19       0.88      0.68      0.77       266
          20       0.95      0.96      0.95      8344
          21       1.00      0.53      0.70        15
          22       0.99      1.00      1.00      2100
          23       0.99      0.99      0.99      1397
          24       0.99      1.00      1.00       925
          25       0.94      0.90      0.92      2155
          26       0.86      0.54      0.66       115
          27       0.90      0.71      0.79        38
          28       0.85      0.93      0.89       248
          29       1.00      1.00      1.00        66
          30       0.99      1.00      1.00      2302
          31       0.00      0.00      0.00         3
          32       0.97      0.94      0.96      2601
          33       0.93      0.97      0.95      4030
          34       0.88      0.90      0.89      2051
          35       0.96      0.91      0.93      3387
          36       0.96      0.96      0.96      1654
          37       0.97      0.95      0.96      2611
          38       0.94      0.97      0.95       370
          39       0.99      1.00      0.99       270
          40       1.00      1.00      1.00        10
          41       1.00      1.00      1.00       229
          42       0.99      0.98      0.99       405

    accuracy                           0.95    117605
   macro avg       0.93      0.90      0.91    117605
weighted avg       0.95      0.95      0.95    117605

-saving model-

Train_Epoch: 1
100%|█████████████████████████████████████████| 600/600 [03:06<00:00,  3.22it/s]
train_weighted_f1 0.9528335810547853
train_acc 0.9528990586396153

Valid_Epoch: 1
100%|███████████████████████████████████████████| 75/75 [00:11<00:00,  6.60it/s]
valid_weighted_f1: 0.9634632645691008
valid_acc: 0.9635899834190723
              precision    recall  f1-score   support

           1       1.00      0.97      0.98       121
           2       1.00      1.00      1.00      3312
           3       1.00      1.00      1.00      4790
           4       0.82      0.63      0.72       101
           5       1.00      1.00      1.00        21
           6       1.00      1.00      1.00      2353
           7       0.98      0.99      0.99      3217
           8       1.00      1.00      1.00      9748
           9       1.00      0.97      0.98        65
          11       0.99      0.99      0.99     12278
          12       0.92      0.92      0.92      9782
          13       0.85      0.95      0.90       306
          14       0.95      0.95      0.95       331
          15       1.00      1.00      1.00        66
          16       1.00      0.99      1.00       678
          17       0.93      0.94      0.94     15211
          18       0.95      0.95      0.95     19633
          19       0.84      0.72      0.77       266
          20       0.97      0.97      0.97      8344
          21       1.00      0.87      0.93        15
          22       0.99      1.00      1.00      2100
          23       1.00      1.00      1.00      1397
          24       1.00      1.00      1.00       925
          25       0.95      0.94      0.95      2155
          26       0.91      0.51      0.66       115
          27       0.94      0.76      0.84        38
          28       0.88      0.96      0.92       248
          29       1.00      1.00      1.00        66
          30       0.99      1.00      1.00      2302
          31       1.00      0.33      0.50         3
          32       0.97      0.96      0.96      2601
          33       0.94      0.98      0.96      4030
          34       0.94      0.93      0.94      2051
          35       0.96      0.93      0.94      3387
          36       0.96      0.97      0.97      1654
          37       0.98      0.97      0.97      2611
          38       0.95      0.97      0.96       370
          39       1.00      1.00      1.00       270
          40       1.00      1.00      1.00        10
          41       1.00      1.00      1.00       229
          42       1.00      0.98      0.99       405

    accuracy                           0.96    117605
   macro avg       0.96      0.93      0.94    117605
weighted avg       0.96      0.96      0.96    117605

-saving model-

Train_Epoch: 2
100%|█████████████████████████████████████████| 600/600 [03:06<00:00,  3.21it/s]
train_weighted_f1 0.9669425977986172
train_acc 0.966986542284753

Valid_Epoch: 2
100%|███████████████████████████████████████████| 75/75 [00:11<00:00,  6.54it/s]
valid_weighted_f1: 0.9671113478077698
valid_acc: 0.9671952723098508
              precision    recall  f1-score   support

           1       1.00      0.98      0.99       121
           2       1.00      1.00      1.00      3312
           3       1.00      1.00      1.00      4790
           4       0.80      0.77      0.79       101
           5       1.00      1.00      1.00        21
           6       1.00      1.00      1.00      2353
           7       0.99      0.99      0.99      3217
           8       1.00      1.00      1.00      9748
           9       1.00      0.97      0.98        65
          11       0.99      0.99      0.99     12278
          12       0.94      0.92      0.93      9782
          13       0.90      0.95      0.93       306
          14       0.96      0.96      0.96       331
          15       1.00      1.00      1.00        66
          16       1.00      1.00      1.00       678
          17       0.94      0.94      0.94     15211
          18       0.95      0.95      0.95     19633
          19       0.84      0.76      0.80       266
          20       0.97      0.98      0.97      8344
          21       0.92      0.80      0.86        15
          22       0.99      1.00      1.00      2100
          23       1.00      1.00      1.00      1397
          24       1.00      1.00      1.00       925
          25       0.95      0.95      0.95      2155
          26       0.90      0.63      0.74       115
          27       0.97      0.84      0.90        38
          28       0.89      0.96      0.92       248
          29       1.00      1.00      1.00        66
          30       0.99      1.00      1.00      2302
          31       1.00      0.33      0.50         3
          32       0.96      0.97      0.97      2601
          33       0.95      0.98      0.96      4030
          34       0.95      0.94      0.95      2051
          35       0.96      0.94      0.95      3387
          36       0.96      0.97      0.97      1654
          37       0.98      0.97      0.97      2611
          38       0.95      0.98      0.96       370
          39       1.00      1.00      1.00       270
          40       1.00      1.00      1.00        10
          41       1.00      1.00      1.00       229
          42       1.00      0.98      0.99       405

    accuracy                           0.97    117605
   macro avg       0.97      0.94      0.95    117605
weighted avg       0.97      0.97      0.97    117605

-saving model-

Train_Epoch: 3
100%|█████████████████████████████████████████| 600/600 [03:06<00:00,  3.22it/s]
train_weighted_f1 0.9748471828235997
train_acc 0.9748751083244125

Valid_Epoch: 3
100%|███████████████████████████████████████████| 75/75 [00:11<00:00,  6.56it/s]
valid_weighted_f1: 0.9690910964667722
valid_acc: 0.9691679775519748
              precision    recall  f1-score   support

           1       1.00      1.00      1.00       121
           2       1.00      1.00      1.00      3312
           3       1.00      1.00      1.00      4790
           4       0.84      0.75      0.80       101
           5       1.00      1.00      1.00        21
           6       1.00      1.00      1.00      2353
           7       0.99      0.99      0.99      3217
           8       1.00      1.00      1.00      9748
           9       1.00      0.97      0.98        65
          11       0.99      0.99      0.99     12278
          12       0.93      0.93      0.93      9782
          13       0.90      0.96      0.93       306
          14       0.96      0.97      0.97       331
          15       1.00      1.00      1.00        66
          16       1.00      1.00      1.00       678
          17       0.95      0.94      0.95     15211
          18       0.95      0.96      0.95     19633
          19       0.85      0.77      0.81       266
          20       0.97      0.98      0.98      8344
          21       0.92      0.80      0.86        15
          22       0.99      1.00      1.00      2100
          23       1.00      1.00      1.00      1397
          24       1.00      1.00      1.00       925
          25       0.96      0.95      0.95      2155
          26       0.93      0.65      0.77       115
          27       0.94      0.84      0.89        38
          28       0.90      0.95      0.92       248
          29       1.00      1.00      1.00        66
          30       1.00      1.00      1.00      2302
          31       1.00      0.67      0.80         3
          32       0.97      0.97      0.97      2601
          33       0.96      0.97      0.96      4030
          34       0.95      0.96      0.96      2051
          35       0.96      0.94      0.95      3387
          36       0.97      0.98      0.97      1654
          37       0.98      0.97      0.98      2611
          38       0.96      0.98      0.97       370
          39       1.00      1.00      1.00       270
          40       1.00      1.00      1.00        10
          41       1.00      1.00      1.00       229
          42       1.00      0.98      0.99       405

    accuracy                           0.97    117605
   macro avg       0.97      0.95      0.96    117605
weighted avg       0.97      0.97      0.97    117605

-saving model-

Train_Epoch: 4
100%|█████████████████████████████████████████| 600/600 [03:05<00:00,  3.23it/s]
train_weighted_f1 0.9803614385663216
train_acc 0.9803837233012184

Valid_Epoch: 4
100%|███████████████████████████████████████████| 75/75 [00:11<00:00,  6.56it/s]
valid_weighted_f1: 0.9698769876458695
valid_acc: 0.9699332511372816
              precision    recall  f1-score   support

           1       1.00      0.99      1.00       121
           2       1.00      1.00      1.00      3312
           3       1.00      1.00      1.00      4790
           4       0.81      0.78      0.80       101
           5       1.00      1.00      1.00        21
           6       1.00      1.00      1.00      2353
           7       0.99      0.99      0.99      3217
           8       1.00      1.00      1.00      9748
           9       1.00      0.98      0.99        65
          11       0.99      1.00      0.99     12278
          12       0.93      0.94      0.93      9782
          13       0.90      0.96      0.93       306
          14       0.95      0.98      0.96       331
          15       1.00      1.00      1.00        66
          16       1.00      1.00      1.00       678
          17       0.95      0.94      0.95     15211
          18       0.95      0.96      0.95     19633
          19       0.82      0.79      0.80       266
          20       0.97      0.98      0.98      8344
          21       0.80      0.80      0.80        15
          22       0.99      1.00      1.00      2100
          23       1.00      1.00      1.00      1397
          24       1.00      1.00      1.00       925
          25       0.96      0.95      0.96      2155
          26       0.92      0.67      0.77       115
          27       0.97      0.84      0.90        38
          28       0.90      0.94      0.92       248
          29       1.00      1.00      1.00        66
          30       1.00      1.00      1.00      2302
          31       1.00      1.00      1.00         3
          32       0.96      0.97      0.97      2601
          33       0.95      0.97      0.96      4030
          34       0.95      0.96      0.95      2051
          35       0.96      0.94      0.95      3387
          36       0.96      0.97      0.97      1654
          37       0.98      0.98      0.98      2611
          38       0.97      0.97      0.97       370
          39       1.00      1.00      1.00       270
          40       1.00      1.00      1.00        10
          41       1.00      1.00      1.00       229
          42       0.99      0.98      0.99       405

    accuracy                           0.97    117605
   macro avg       0.96      0.96      0.96    117605
weighted avg       0.97      0.97      0.97    117605

-saving model-

Train_Epoch: 5
100%|█████████████████████████████████████████| 600/600 [03:06<00:00,  3.22it/s]
train_weighted_f1 0.9843449557414731
train_acc 0.9843577424342832

Valid_Epoch: 5
100%|███████████████████████████████████████████| 75/75 [00:11<00:00,  6.55it/s]
valid_weighted_f1: 0.9705948872990269
valid_acc: 0.970613494324221
              precision    recall  f1-score   support

           1       1.00      1.00      1.00       121
           2       1.00      1.00      1.00      3312
           3       1.00      1.00      1.00      4790
           4       0.84      0.75      0.79       101
           5       1.00      1.00      1.00        21
           6       1.00      1.00      1.00      2353
           7       0.99      0.99      0.99      3217
           8       1.00      1.00      1.00      9748
           9       1.00      0.98      0.99        65
          11       0.99      0.99      0.99     12278
          12       0.92      0.95      0.94      9782
          13       0.91      0.97      0.94       306
          14       0.96      0.97      0.97       331
          15       1.00      1.00      1.00        66
          16       1.00      1.00      1.00       678
          17       0.95      0.94      0.95     15211
          18       0.96      0.95      0.96     19633
          19       0.81      0.80      0.81       266
          20       0.98      0.98      0.98      8344
          21       1.00      0.73      0.85        15
          22       0.99      1.00      1.00      2100
          23       1.00      1.00      1.00      1397
          24       1.00      1.00      1.00       925
          25       0.96      0.95      0.96      2155
          26       0.88      0.71      0.79       115
          27       0.92      0.89      0.91        38
          28       0.88      0.95      0.91       248
          29       1.00      1.00      1.00        66
          30       0.99      1.00      1.00      2302
          31       1.00      1.00      1.00         3
          32       0.96      0.97      0.97      2601
          33       0.96      0.97      0.96      4030
          34       0.96      0.96      0.96      2051
          35       0.96      0.94      0.95      3387
          36       0.97      0.97      0.97      1654
          37       0.98      0.98      0.98      2611
          38       0.96      0.98      0.97       370
          39       1.00      1.00      1.00       270
          40       1.00      1.00      1.00        10
          41       1.00      1.00      1.00       229
          42       0.99      0.98      0.99       405

    accuracy                           0.97    117605
   macro avg       0.97      0.96      0.96    117605
weighted avg       0.97      0.97      0.97    117605

-saving model-

Train_Epoch: 6
100%|█████████████████████████████████████████| 600/600 [03:05<00:00,  3.23it/s]
train_weighted_f1 0.9874697736714602
train_acc 0.9874779103158825

Valid_Epoch: 6
100%|███████████████████████████████████████████| 75/75 [00:11<00:00,  6.57it/s]
valid_weighted_f1: 0.9714189223476597
valid_acc: 0.9714212831087113
              precision    recall  f1-score   support

           1       1.00      1.00      1.00       121
           2       1.00      1.00      1.00      3312
           3       1.00      1.00      1.00      4790
           4       0.85      0.79      0.82       101
           5       1.00      1.00      1.00        21
           6       1.00      1.00      1.00      2353
           7       0.99      0.99      0.99      3217
           8       1.00      1.00      1.00      9748
           9       1.00      0.98      0.99        65
          11       0.99      0.99      0.99     12278
          12       0.93      0.95      0.94      9782
          13       0.92      0.96      0.94       306
          14       0.97      0.97      0.97       331
          15       1.00      1.00      1.00        66
          16       1.00      1.00      1.00       678
          17       0.95      0.95      0.95     15211
          18       0.96      0.95      0.96     19633
          19       0.83      0.81      0.82       266
          20       0.98      0.98      0.98      8344
          21       1.00      0.73      0.85        15
          22       0.99      1.00      1.00      2100
          23       1.00      1.00      1.00      1397
          24       1.00      1.00      1.00       925
          25       0.96      0.95      0.95      2155
          26       0.90      0.76      0.82       115
          27       0.94      0.84      0.89        38
          28       0.88      0.96      0.92       248
          29       1.00      1.00      1.00        66
          30       1.00      1.00      1.00      2302
          31       1.00      1.00      1.00         3
          32       0.97      0.97      0.97      2601
          33       0.96      0.97      0.96      4030
          34       0.96      0.96      0.96      2051
          35       0.95      0.94      0.95      3387
          36       0.97      0.97      0.97      1654
          37       0.98      0.98      0.98      2611
          38       0.97      0.96      0.97       370
          39       1.00      1.00      1.00       270
          40       1.00      1.00      1.00        10
          41       1.00      1.00      1.00       229
          42       0.99      0.98      0.99       405

    accuracy                           0.97    117605
   macro avg       0.97      0.96      0.96    117605
weighted avg       0.97      0.97      0.97    117605

-saving model-

Train_Epoch: 7
100%|█████████████████████████████████████████| 600/600 [03:06<00:00,  3.22it/s]
train_weighted_f1 0.9896139454661189
train_acc 0.9896189104688111

Valid_Epoch: 7
100%|███████████████████████████████████████████| 75/75 [00:11<00:00,  6.56it/s]
valid_weighted_f1: 0.9712474291874139
valid_acc: 0.9712682283916501
              precision    recall  f1-score   support

           1       1.00      0.99      1.00       121
           2       1.00      1.00      1.00      3312
           3       1.00      1.00      1.00      4790
           4       0.86      0.80      0.83       101
           5       1.00      1.00      1.00        21
           6       1.00      1.00      1.00      2353
           7       0.99      0.99      0.99      3217
           8       1.00      1.00      1.00      9748
           9       1.00      0.98      0.99        65
          11       1.00      0.99      0.99     12278
          12       0.93      0.95      0.94      9782
          13       0.92      0.95      0.94       306
          14       0.96      0.97      0.96       331
          15       1.00      1.00      1.00        66
          16       1.00      1.00      1.00       678
          17       0.95      0.95      0.95     15211
          18       0.96      0.95      0.96     19633
          19       0.85      0.77      0.81       266
          20       0.98      0.98      0.98      8344
          21       1.00      0.93      0.97        15
          22       0.99      1.00      1.00      2100
          23       1.00      1.00      1.00      1397
          24       1.00      1.00      1.00       925
          25       0.96      0.96      0.96      2155
          26       0.88      0.73      0.80       115
          27       0.91      0.82      0.86        38
          28       0.89      0.96      0.92       248
          29       1.00      1.00      1.00        66
          30       0.99      1.00      1.00      2302
          31       1.00      1.00      1.00         3
          32       0.96      0.97      0.97      2601
          33       0.96      0.97      0.97      4030
          34       0.94      0.96      0.95      2051
          35       0.96      0.95      0.95      3387
          36       0.97      0.97      0.97      1654
          37       0.99      0.97      0.98      2611
          38       0.97      0.97      0.97       370
          39       1.00      1.00      1.00       270
          40       1.00      1.00      1.00        10
          41       1.00      1.00      1.00       229
          42       0.99      0.98      0.99       405

    accuracy                           0.97    117605
   macro avg       0.97      0.96      0.97    117605
weighted avg       0.97      0.97      0.97    117605

-saving model-

Train_Epoch: 8
100%|█████████████████████████████████████████| 600/600 [03:06<00:00,  3.22it/s]
train_weighted_f1 0.9913493447512973
train_acc 0.9913510390647567

Valid_Epoch: 8
100%|███████████████████████████████████████████| 75/75 [00:11<00:00,  6.57it/s]
valid_weighted_f1: 0.9715368674743445
valid_acc: 0.9715743378257727
              precision    recall  f1-score   support

           1       1.00      1.00      1.00       121
           2       1.00      1.00      1.00      3312
           3       1.00      1.00      1.00      4790
           4       0.83      0.79      0.81       101
           5       1.00      1.00      1.00        21
           6       1.00      1.00      1.00      2353
           7       0.99      0.99      0.99      3217
           8       1.00      1.00      1.00      9748
           9       1.00      0.98      0.99        65
          11       0.99      0.99      0.99     12278
          12       0.93      0.94      0.94      9782
          13       0.90      0.97      0.93       306
          14       0.96      0.96      0.96       331
          15       1.00      1.00      1.00        66
          16       1.00      1.00      1.00       678
          17       0.95      0.95      0.95     15211
          18       0.96      0.95      0.96     19633
          19       0.87      0.78      0.82       266
          20       0.97      0.98      0.98      8344
          21       0.93      0.93      0.93        15
          22       1.00      1.00      1.00      2100
          23       1.00      1.00      1.00      1397
          24       1.00      1.00      1.00       925
          25       0.96      0.95      0.96      2155
          26       0.89      0.69      0.77       115
          27       0.87      0.89      0.88        38
          28       0.89      0.95      0.92       248
          29       1.00      1.00      1.00        66
          30       1.00      1.00      1.00      2302
          31       1.00      1.00      1.00         3
          32       0.97      0.97      0.97      2601
          33       0.96      0.97      0.97      4030
          34       0.95      0.96      0.95      2051
          35       0.96      0.94      0.95      3387
          36       0.97      0.97      0.97      1654
          37       0.98      0.98      0.98      2611
          38       0.97      0.97      0.97       370
          39       1.00      1.00      1.00       270
          40       1.00      1.00      1.00        10
          41       1.00      1.00      1.00       229
          42       0.99      0.98      0.99       405

    accuracy                           0.97    117605
   macro avg       0.97      0.96      0.96    117605
weighted avg       0.97      0.97      0.97    117605

-saving model-

Train_Epoch: 9
100%|█████████████████████████████████████████| 600/600 [03:04<00:00,  3.25it/s]
train_weighted_f1 0.992575036647819
train_acc 0.9925765917316614

Valid_Epoch: 9
100%|███████████████████████████████████████████| 75/75 [00:11<00:00,  6.53it/s]
valid_weighted_f1: 0.9715623096498562
valid_acc: 0.9715828408656094
              precision    recall  f1-score   support

           1       1.00      1.00      1.00       121
           2       1.00      1.00      1.00      3312
           3       1.00      1.00      1.00      4790
           4       0.87      0.76      0.81       101
           5       1.00      1.00      1.00        21
           6       1.00      1.00      1.00      2353
           7       0.99      0.99      0.99      3217
           8       1.00      1.00      1.00      9748
           9       0.98      0.98      0.98        65
          11       0.99      1.00      0.99     12278
          12       0.94      0.94      0.94      9782
          13       0.91      0.95      0.93       306
          14       0.95      0.97      0.96       331
          15       1.00      1.00      1.00        66
          16       1.00      1.00      1.00       678
          17       0.95      0.95      0.95     15211
          18       0.96      0.96      0.96     19633
          19       0.81      0.78      0.79       266
          20       0.98      0.98      0.98      8344
          21       1.00      0.87      0.93        15
          22       0.99      1.00      1.00      2100
          23       1.00      1.00      1.00      1397
          24       1.00      1.00      1.00       925
          25       0.97      0.95      0.96      2155
          26       0.84      0.75      0.79       115
          27       0.89      0.89      0.89        38
          28       0.91      0.96      0.93       248
          29       1.00      1.00      1.00        66
          30       1.00      1.00      1.00      2302
          31       1.00      1.00      1.00         3
          32       0.97      0.98      0.97      2601
          33       0.96      0.97      0.96      4030
          34       0.94      0.96      0.95      2051
          35       0.95      0.95      0.95      3387
          36       0.98      0.98      0.98      1654
          37       0.98      0.98      0.98      2611
          38       0.97      0.97      0.97       370
          39       1.00      1.00      1.00       270
          40       1.00      1.00      1.00        10
          41       1.00      1.00      1.00       229
          42       1.00      0.98      0.99       405

    accuracy                           0.97    117605
   macro avg       0.97      0.96      0.96    117605
weighted avg       0.97      0.97      0.97    117605

-saving model-

Train_Epoch: 10
100%|█████████████████████████████████████████| 600/600 [03:05<00:00,  3.24it/s]
train_weighted_f1 0.9935684540226967
train_acc 0.9935695655129054

Valid_Epoch: 10
100%|███████████████████████████████████████████| 75/75 [00:11<00:00,  6.62it/s]
valid_weighted_f1: 0.9707053564437644
valid_acc: 0.9707410399217721
              precision    recall  f1-score   support

           1       1.00      1.00      1.00       121
           2       1.00      1.00      1.00      3312
           3       1.00      1.00      1.00      4790
           4       0.88      0.74      0.81       101
           5       1.00      1.00      1.00        21
           6       1.00      1.00      1.00      2353
           7       0.99      0.99      0.99      3217
           8       1.00      1.00      1.00      9748
           9       1.00      0.98      0.99        65
          11       0.99      1.00      0.99     12278
          12       0.93      0.95      0.94      9782
          13       0.91      0.97      0.94       306
          14       0.96      0.97      0.97       331
          15       1.00      1.00      1.00        66
          16       1.00      1.00      1.00       678
          17       0.96      0.94      0.95     15211
          18       0.95      0.96      0.96     19633
          19       0.83      0.76      0.79       266
          20       0.98      0.98      0.98      8344
          21       1.00      0.80      0.89        15
          22       1.00      1.00      1.00      2100
          23       1.00      1.00      1.00      1397
          24       1.00      1.00      1.00       925
          25       0.97      0.95      0.96      2155
          26       0.85      0.71      0.78       115
          27       0.92      0.89      0.91        38
          28       0.90      0.93      0.92       248
          29       1.00      1.00      1.00        66
          30       1.00      1.00      1.00      2302
          31       1.00      1.00      1.00         3
          32       0.96      0.98      0.97      2601
          33       0.96      0.96      0.96      4030
          34       0.96      0.96      0.96      2051
          35       0.95      0.94      0.95      3387
          36       0.97      0.98      0.97      1654
          37       0.98      0.98      0.98      2611
          38       0.97      0.97      0.97       370
          39       1.00      1.00      1.00       270
          40       1.00      1.00      1.00        10
          41       1.00      1.00      1.00       229
          42       0.99      0.98      0.99       405

    accuracy                           0.97    117605
   macro avg       0.97      0.96      0.96    117605
weighted avg       0.97      0.97      0.97    117605

-saving model-

Train_Epoch: 11
100%|█████████████████████████████████████████| 600/600 [03:05<00:00,  3.24it/s]
train_weighted_f1 0.9943300899024431
train_acc 0.9943310224125333

Valid_Epoch: 11
100%|███████████████████████████████████████████| 75/75 [00:11<00:00,  6.61it/s]
valid_weighted_f1: 0.9715955121214623
valid_acc: 0.9716423621444666
              precision    recall  f1-score   support

           1       1.00      1.00      1.00       121
           2       1.00      1.00      1.00      3312
           3       1.00      1.00      1.00      4790
           4       0.89      0.71      0.79       101
           5       1.00      1.00      1.00        21
           6       1.00      1.00      1.00      2353
           7       0.99      0.99      0.99      3217
           8       1.00      1.00      1.00      9748
           9       1.00      0.98      0.99        65
          11       1.00      0.99      0.99     12278
          12       0.94      0.94      0.94      9782
          13       0.92      0.96      0.94       306
          14       0.96      0.97      0.96       331
          15       1.00      1.00      1.00        66
          16       1.00      1.00      1.00       678
          17       0.95      0.95      0.95     15211
          18       0.96      0.96      0.96     19633
          19       0.86      0.76      0.80       266
          20       0.98      0.98      0.98      8344
          21       0.92      0.80      0.86        15
          22       1.00      1.00      1.00      2100
          23       1.00      1.00      1.00      1397
          24       1.00      1.00      1.00       925
          25       0.96      0.95      0.96      2155
          26       0.89      0.74      0.81       115
          27       0.97      0.87      0.92        38
          28       0.88      0.97      0.92       248
          29       1.00      1.00      1.00        66
          30       1.00      1.00      1.00      2302
          31       0.75      1.00      0.86         3
          32       0.96      0.98      0.97      2601
          33       0.96      0.97      0.96      4030
          34       0.96      0.96      0.96      2051
          35       0.95      0.95      0.95      3387
          36       0.97      0.97      0.97      1654
          37       0.98      0.98      0.98      2611
          38       0.97      0.96      0.96       370
          39       1.00      1.00      1.00       270
          40       1.00      1.00      1.00        10
          41       1.00      1.00      1.00       229
          42       1.00      0.98      0.99       405

    accuracy                           0.97    117605
   macro avg       0.96      0.96      0.96    117605
weighted avg       0.97      0.97      0.97    117605

-saving model-

Train_Epoch: 12
100%|█████████████████████████████████████████| 600/600 [03:04<00:00,  3.25it/s]
train_weighted_f1 0.9951420311803206
train_acc 0.9951423935022344

Valid_Epoch: 12
100%|███████████████████████████████████████████| 75/75 [00:11<00:00,  6.63it/s]
valid_weighted_f1: 0.9714097875497382
valid_acc: 0.9714382891883848
              precision    recall  f1-score   support

           1       1.00      1.00      1.00       121
           2       1.00      1.00      1.00      3312
           3       1.00      1.00      1.00      4790
           4       0.84      0.75      0.79       101
           5       1.00      1.00      1.00        21
           6       1.00      0.99      1.00      2353
           7       0.99      0.99      0.99      3217
           8       1.00      1.00      1.00      9748
           9       0.98      0.98      0.98        65
          11       1.00      0.99      0.99     12278
          12       0.93      0.95      0.94      9782
          13       0.89      0.96      0.93       306
          14       0.97      0.96      0.97       331
          15       1.00      1.00      1.00        66
          16       1.00      1.00      1.00       678
          17       0.95      0.95      0.95     15211
          18       0.96      0.95      0.96     19633
          19       0.84      0.79      0.81       266
          20       0.98      0.98      0.98      8344
          21       1.00      0.73      0.85        15
          22       1.00      1.00      1.00      2100
          23       1.00      1.00      1.00      1397
          24       1.00      1.00      1.00       925
          25       0.96      0.96      0.96      2155
          26       0.87      0.66      0.75       115
          27       0.89      0.89      0.89        38
          28       0.89      0.94      0.92       248
          29       1.00      1.00      1.00        66
          30       0.99      1.00      1.00      2302
          31       1.00      1.00      1.00         3
          32       0.97      0.97      0.97      2601
          33       0.96      0.96      0.96      4030
          34       0.96      0.96      0.96      2051
          35       0.96      0.94      0.95      3387
          36       0.97      0.98      0.97      1654
          37       0.98      0.98      0.98      2611
          38       0.96      0.97      0.97       370
          39       1.00      1.00      1.00       270
          40       1.00      1.00      1.00        10
          41       1.00      1.00      1.00       229
          42       1.00      0.98      0.99       405

    accuracy                           0.97    117605
   macro avg       0.97      0.96      0.96    117605
weighted avg       0.97      0.97      0.97    117605

-saving model-

Train_Epoch: 13
100%|█████████████████████████████████████████| 600/600 [03:04<00:00,  3.24it/s]
train_weighted_f1 0.9955582017196927
train_acc 0.9955586990875261

Valid_Epoch: 13
100%|███████████████████████████████████████████| 75/75 [00:11<00:00,  6.63it/s]
valid_weighted_f1: 0.9719209529521791
valid_acc: 0.9719229624590792
              precision    recall  f1-score   support

           1       1.00      1.00      1.00       121
           2       1.00      1.00      1.00      3312
           3       1.00      1.00      1.00      4790
           4       0.83      0.77      0.80       101
           5       1.00      1.00      1.00        21
           6       1.00      1.00      1.00      2353
           7       0.99      0.99      0.99      3217
           8       1.00      1.00      1.00      9748
           9       0.98      0.98      0.98        65
          11       0.99      0.99      0.99     12278
          12       0.93      0.95      0.94      9782
          13       0.93      0.95      0.94       306
          14       0.97      0.96      0.96       331
          15       1.00      1.00      1.00        66
          16       1.00      1.00      1.00       678
          17       0.96      0.95      0.95     15211
          18       0.96      0.96      0.96     19633
          19       0.82      0.81      0.82       266
          20       0.98      0.98      0.98      8344
          21       1.00      0.80      0.89        15
          22       1.00      1.00      1.00      2100
          23       1.00      1.00      1.00      1397
          24       1.00      1.00      1.00       925
          25       0.95      0.95      0.95      2155
          26       0.84      0.79      0.82       115
          27       0.87      0.89      0.88        38
          28       0.88      0.94      0.91       248
          29       1.00      1.00      1.00        66
          30       1.00      1.00      1.00      2302
          31       0.75      1.00      0.86         3
          32       0.97      0.97      0.97      2601
          33       0.97      0.96      0.96      4030
          34       0.96      0.96      0.96      2051
          35       0.95      0.95      0.95      3387
          36       0.97      0.97      0.97      1654
          37       0.99      0.98      0.98      2611
          38       0.96      0.96      0.96       370
          39       1.00      1.00      1.00       270
          40       1.00      1.00      1.00        10
          41       1.00      1.00      1.00       229
          42       1.00      0.99      0.99       405

    accuracy                           0.97    117605
   macro avg       0.96      0.96      0.96    117605
weighted avg       0.97      0.97      0.97    117605

-saving model-

Train_Epoch: 14
100%|█████████████████████████████████████████| 600/600 [03:04<00:00,  3.25it/s]
train_weighted_f1 0.9959399014087607
train_acc 0.9959399585393621

Valid_Epoch: 14
100%|███████████████████████████████████████████| 75/75 [00:11<00:00,  6.62it/s]
valid_weighted_f1: 0.9716678409291599
valid_acc: 0.9716848773436504
              precision    recall  f1-score   support

           1       1.00      1.00      1.00       121
           2       1.00      1.00      1.00      3312
           3       1.00      1.00      1.00      4790
           4       0.82      0.74      0.78       101
           5       1.00      1.00      1.00        21
           6       1.00      1.00      1.00      2353
           7       0.99      0.99      0.99      3217
           8       1.00      1.00      1.00      9748
           9       1.00      0.95      0.98        65
          11       0.99      1.00      0.99     12278
          12       0.94      0.94      0.94      9782
          13       0.92      0.95      0.93       306
          14       0.97      0.96      0.96       331
          15       1.00      1.00      1.00        66
          16       1.00      1.00      1.00       678
          17       0.95      0.95      0.95     15211
          18       0.96      0.96      0.96     19633
          19       0.81      0.78      0.80       266
          20       0.98      0.98      0.98      8344
          21       1.00      0.73      0.85        15
          22       1.00      1.00      1.00      2100
          23       1.00      1.00      1.00      1397
          24       1.00      1.00      1.00       925
          25       0.96      0.95      0.96      2155
          26       0.85      0.77      0.81       115
          27       0.89      0.89      0.89        38
          28       0.90      0.94      0.92       248
          29       1.00      1.00      1.00        66
          30       1.00      1.00      1.00      2302
          31       1.00      1.00      1.00         3
          32       0.97      0.97      0.97      2601
          33       0.96      0.96      0.96      4030
          34       0.97      0.95      0.96      2051
          35       0.95      0.95      0.95      3387
          36       0.97      0.97      0.97      1654
          37       0.99      0.97      0.98      2611
          38       0.97      0.96      0.97       370
          39       1.00      1.00      1.00       270
          40       1.00      1.00      1.00        10
          41       1.00      1.00      1.00       229
          42       1.00      0.98      0.99       405

    accuracy                           0.97    117605
   macro avg       0.97      0.96      0.96    117605
weighted avg       0.97      0.97      0.97    117605

-saving model-

Process finished with exit code 0
